1 -146.992 125.687
2 -145.837 125.361
3 -144.605 125.042
4 -143.337 124.752
5 -142.066 124.496
6 -140.818 124.266
7 -139.61 124.046
8 -138.453 123.822
9 -137.362 123.587
10 -136.349 123.351
11 -135.43 123.134
12 -134.621 122.962
13 -133.938 122.856
14 -133.389 122.824
15 -132.978 122.864
16 -132.695 122.96
17 -132.522 123.094
18 -132.432 123.251
19 -132.388 123.428
20 -132.354 123.629
21 -132.297 123.865
22 -132.196 124.147
23 -132.043 124.487
24 -131.84 124.894
25 -131.6 125.377
26 -131.331 125.943
27 -131.038 126.6
28 -130.717 127.356
29 -130.361 128.214
30 -129.955 129.166
31 -129.492 130.191
32 -128.969 131.254
33 -128.391 132.314
34 -127.769 133.325
35 -127.125 134.244
36 -126.489 135.038
37 -125.896 135.682
38 -125.388 136.165
39 -125.006 136.491
40 -124.786 136.664
41 -124.748 136.693
42 -124.89 136.58
43 -125.191 136.316
44 -125.613 135.889
45 -126.12 135.285
46 -126.684 134.5
47 -127.292 133.547
48 -127.943 132.462
49 -128.641 131.301
50 -129.386 130.129
51 -130.171 129.006
52 -130.973 127.974
53 -131.766 127.053
54 -132.514 126.241
55 -133.192 125.531
56 -133.779 124.918
57 -134.266 124.412
58 -134.656 124.038
59 -134.951 123.831
60 -135.154 123.82
61 -135.262 124.017
62 -135.262 124.406
63 -135.135 124.943
64 -134.863 125.565
65 -134.435 126.202
66 -133.854 126.794
67 -133.14 127.301
68 -132.329 127.711
69 -131.469 128.039
70 -130.614 128.315
71 -129.816 128.569
72 -129.117 128.816
73 -128.547 129.048
74 -128.117 129.224
75 -127.83 129.291
76 -127.681 129.196
77 -127.668 128.902
78 -127.8 128.405
79 -128.092 127.736
80 -128.567 126.946
81 -129.248 126.101
82 -130.137 125.26
83 -131.217 124.464
84 -132.443 123.731
85 -133.754 123.056
86 -135.084 122.427
87 -136.369 121.831
88 -137.562 121.269
89 -138.638 120.761
90 -139.583 120.344
91 -140.401 120.069
92 -141.101 119.982
93 -141.702 120.119
94 -142.218 120.487
95 -142.657 121.069
96 -143.02 121.82
97 -143.296 122.685
98 -143.473 123.607
99 -143.538 124.54
100 -143.49 125.455
101 -143.338 126.34
102 -143.107 127.197
103 -142.827 128.031
104 -142.534 128.846
105 -142.26 129.636
106 -142.029 130.386
107 -141.849 131.074
108 -141.719 131.676
109 -141.627 132.168
110 -141.558 132.538
111 -141.499 132.777
112 -141.448 132.887
113 -141.411 132.875
114 -141.412 132.753
115 -141.477 132.537
116 -141.632 132.25
117 -141.888 131.923
118 -142.237 131.585
119 -142.647 131.265
120 -143.071 130.983
121 -143.455 130.742
122 -143.756 130.533
123 -143.949 130.343
124 -144.032 130.158
125 -144.025 129.983
126 -143.957 129.839
127 -143.866 129.766
128 -143.781 129.814
129 -143.721 130.021
130 -143.69 130.404
131 -143.675 130.946
132 -143.649 131.603
133 -143.583 132.314
134 -143.45 133.018
135 -143.233 133.669
136 -142.936 134.249
137 -142.578 134.764
138 -142.19 135.239
139 -141.809 135.71
140 -141.461 136.203
141 -141.154 136.729
142 -140.88 137.27
143 -140.61 137.784
144 -140.31 138.216
145 -139.952 138.51
146 -139.527 138.626
147 -139.047 138.551
148 -138.55 138.305
149 -138.091 137.934
150 -137.729 137.497
151 -137.515 137.048
152 -137.473 136.614
153 -137.601 136.187
154 -137.871 135.729
155 -138.245 135.188
156 -138.687 134.522
157 -139.178 133.716
158 -139.715 132.79
159 -140.31 131.798
160 -140.973 130.813
161 -141.71 129.908
162 -142.518 129.136
163 -143.385 128.519
164 -144.291 128.047
165 -145.212 127.686
166 -146.122 127.396
167 -146.992 127.146
168 -147.797 126.922
169 -148.52 126.732
170 -149.154 126.6
171 -149.71 126.554
172 -150.207 126.62
173 -150.674 126.804
174 -151.132 127.094
175 -151.59 127.46
176 -152.036 127.858
177 -152.445 128.245
178 -152.788 128.579
179 -153.043 128.829
180 -153.203 128.974
181 -153.274 129.01
182 -153.272 128.943
183 -153.218 128.791
184 -153.134 128.578
185 -153.043 128.324
186 -152.964 128.049
187 -152.919 127.766
188 -152.925 127.481
189 -152.995 127.199
190 -153.137 126.924
191 -153.347 126.659
192 -153.62 126.41
193 -153.946 126.186
194 -154.319 126
195 -154.736 125.868
196 -155.198 125.807
197 -155.699 125.838
198 -156.221 125.98
199 -156.726 126.242
200 -157.167 126.624
201 -157.493 127.109
202 -157.667 127.67
203 -157.672 128.274
204 -157.515 128.897
205 -157.221 129.532
206 -156.825 130.195
207 -156.361 130.923
208 -155.853 131.769
209 -155.318 132.784
210 -154.764 133.995
211 -154.197 135.396
212 -153.62 136.94
213 -153.04 138.549
214 -152.461 140.137
215 -151.883 141.629
216 -151.311 142.978
217 -150.749 144.172
218 -150.216 145.225
219 -149.737 146.167
220 -149.339 147.026
221 -149.041 147.818
222 -148.846 148.537
223 -148.737 149.162
224 -148.684 149.661
225 -148.654 150.008
226 -148.623 150.19
227 -148.587 150.212
228 -148.563 150.095
229 -148.581 149.878
230 -148.68 149.611
231 -148.885 149.343
232 -149.206 149.114
233 -149.628 148.945
234 -150.116 148.835
235 -150.63 148.765
236 -151.126 148.711
237 -151.572 148.656
238 -151.942 148.597
239 -152.224 148.554
240 -152.419 148.563
241 -152.534 148.662
242 -152.591 148.878
243 -152.612 149.219
244 -152.62 149.669
245 -152.625 150.195
246 -152.626 150.758
247 -152.605 151.325
248 -152.544 151.877
249 -152.424 152.408
250 -152.241 152.922
251 -152.006 153.426
252 -151.744 153.923
253 -151.485 154.407
254 -151.253 154.867
255 -151.064 155.288
256 -150.918 155.655
257 -150.802 155.96
258 -150.702 156.195
259 -150.605 156.358
260 -150.506 156.45
261 -150.411 156.473
262 -150.337 156.436
263 -150.308 156.349
264 -150.352 156.233
265 -150.502 156.111
266 -150.789 156.011
267 -151.238 155.957
268 -151.866 155.964
269 -152.675 156.038
270 -153.646 156.168
271 -154.751 156.335
272 -155.95 156.513
273 -157.205 156.684
274 -158.487 156.84
275 -159.776 156.986
276 -161.052 157.135
277 -162.293 157.306
278 -163.468 157.513
279 -164.542 157.756
280 -165.475 158.018
281 -166.237 158.269
282 -166.811 158.469
283 -167.196 158.581
284 -167.403 158.577
285 -167.459 158.448
286 -167.396 158.201
287 -167.251 157.864
288 -167.056 157.477
289 -166.84 157.085
290 -166.62 156.724
291 -166.402 156.412
292 -166.181 156.15
293 -165.949 155.919
294 -165.696 155.697
295 -165.414 155.468
296 -165.1 155.232
297 -164.76 155.013
298 -164.403 154.848
299 -164.046 154.783
300 -163.707 154.855
301 -163.403 155.082
302 -163.15 155.452
303 -162.955 155.932
304 -162.82 156.479
305 -162.745 157.051
306 -162.731 157.623
307 -162.79 158.186
308 -162.939 158.748
309 -163.196 159.325
310 -163.575 159.926
311 -164.073 160.552
312 -164.672 161.184
313 -165.339 161.791
314 -166.033 162.335
315 -166.712 162.785
316 -167.336 163.12
317 -167.874 163.333
318 -168.298 163.433
319 -168.593 163.438
320 -168.751 163.372
321 -168.781 163.256
322 -168.698 163.105
323 -168.528 162.918
324 -168.294 162.683
325 -168.016 162.381
326 -167.705 161.99
327 -167.368 161.5
328 -167.014 160.911
329 -166.65 160.239
330 -166.295 159.514
331 -165.969 158.776
332 -165.691 158.064
333 -165.476 157.41
334 -165.329 156.829
335 -165.242 156.327
336 -165.201 155.895
337 -165.184 155.519
338 -165.172 155.179
339 -165.152 154.863
340 -165.115 154.558
341 -165.065 154.264
342 -165.009 153.988
343 -164.968 153.743
344 -164.964 153.55
345 -165.026 153.433
346 -165.174 153.417
347 -165.42 153.522
348 -165.76 153.766
349 -166.177 154.151
350 -166.645 154.668
351 -167.136 155.296
352 -167.624 156.007
353 -168.093 156.777
354 -168.532 157.588
355 -168.936 158.436
356 -169.296 159.327
357 -169.594 160.278
358 -169.803 161.299
359 -169.894 162.395
360 -169.846 163.553
361 -169.65 164.748
362 -169.312 165.948
363 -168.852 167.123
364 -168.297 168.255
365 -167.677 169.337
366 -167.025 170.374
367 -166.375 171.381
368 -165.762 172.363
369 -165.217 173.315
370 -164.76 174.214
371 -164.396 175.025
372 -164.11 175.706
373 -163.877 176.219
374 -163.674 176.539
375 -163.485 176.656
376 -163.315 176.576
377 -163.188 176.319
378 -163.132 175.907
379 -163.175 175.368
380 -163.328 174.725
381 -163.578 173.992
382 -163.898 173.177
383 -164.25 172.279
384 -164.604 171.296
385 -164.942 170.237
386 -165.263 169.124
387 -165.58 167.993
388 -165.91 166.9
389 -166.27 165.904
390 -166.669 165.053
391 -167.106 164.376
392 -167.572 163.869
393 -168.05 163.507
394 -168.516 163.245
395 -168.942 163.043
396 -169.294 162.872
397 -169.541 162.719
398 -169.661 162.587
399 -169.644 162.489
400 -169.503 162.441
401 -169.264 162.457
402 -168.965 162.536
403 -168.643 162.668
404 -168.322 162.835
405 -168.019 163.011
406 -167.738 163.173
407 -167.486 163.298
408 -167.274 163.371
409 -167.119 163.383
410 -167.042 163.335
411 -167.061 163.239
412 -167.183 163.112
413 -167.403 162.975
414 -167.709 162.847
415 -168.081 162.738
416 -168.496 162.647
417 -168.933 162.565
418 -169.373 162.478
419 -169.796 162.369
420 -170.185 162.225
421 -170.526 162.045
422 -170.814 161.83
423 -171.051 161.594
424 -171.248 161.351
425 -171.419 161.12
426 -171.566 160.923
427 -171.682 160.784
428 -171.741 160.725
429 -171.71 160.756
430 -171.56 160.879
431 -171.271 161.079
432 -170.839 161.336
433 -170.275 161.625
434 -169.6 161.928
435 -168.835 162.233
436 -168 162.54
437 -167.113 162.855
438 -166.185 163.187
439 -165.232 163.539
440 -164.267 163.905
441 -163.306 164.27
442 -162.367 164.608
443 -161.467 164.896
444 -160.621 165.114
445 -159.852 165.253
446 -159.19 165.313
447 -158.661 165.306
448 -158.292 165.246
449 -158.097 165.151
450 -158.072 165.029
451 -158.199 164.881
452 -158.441 164.703
453 -158.756 164.494
454 -159.101 164.259
455 -159.438 164.016
456 -159.743 163.795
457 -160.003 163.629
458 -160.215 163.552
459 -160.387 163.583
460 -160.524 163.73
461 -160.63 163.98
462 -160.702 164.309
463 -160.735 164.691
464 -160.725 165.099
465 -160.679 165.517
466 -160.612 165.936
467 -160.552 166.356
468 -160.526 166.781
469 -160.556 167.22
470 -160.649 167.675
471 -160.79 168.138
472 -160.95 168.594
473 -161.09 169.022
474 -161.174 169.401
475 -161.173 169.715
476 -161.067 169.955
477 -160.849 170.124
478 -160.522 170.234
479 -160.094 170.3
480 -159.582 170.336
481 -159.002 170.347
482 -158.374 170.326
483 -157.713 170.258
484 -157.033 170.126
485 -156.344 169.921
486 -155.657 169.646
487 -154.982 169.322
488 -154.333 168.979
489 -153.725 168.649
490 -153.18 168.354
491 -152.719 168.104
492 -152.361 167.893
493 -152.113 167.709
494 -151.971 167.544
495 -151.913 167.393
496 -151.904 167.264
497 -151.907 167.167
498 -151.888 167.108
499 -151.825 167.086
500 -151.714 167.089
501 -151.562 167.096
502 -151.387 167.08
503 -151.208 167.016
504 -151.042 166.886
505 -150.903 166.682
506 -150.8 166.407
507 -150.74 166.076
508 -150.724 165.706
509 -150.743 165.317
510 -150.781 164.926
511 -150.813 164.545
512 -150.812 164.185
513 -150.754 163.857
514 -150.63 163.576
515 -150.445 163.361
516 -150.215 163.232
517 -149.965 163.21
518 -149.718 163.308
519 -149.488 163.53
520 -149.275 163.864
521 -149.066 164.288
522 -148.846 164.779
523 -148.603 165.318
524 -148.341 165.898
525 -148.075 166.531
526 -147.834 167.238
527 -147.648 168.049
528 -147.542 168.979
529 -147.523 170.023
530 -147.584 171.151
531 -147.704 172.311
532 -147.857 173.445
533 -148.023 174.502
534 -148.192 175.45
535 -148.36 176.281
536 -148.528 177.011
537 -148.694 177.67
538 -148.856 178.289
539 -149.008 178.886
540 -149.147 179.457
541 -149.271 179.97
542 -149.378 -179.627
543 -149.466 -179.394
544 -149.532 -179.381
545 -149.58 -179.618
546 -149.62 179.895
547 -149.676 179.182
548 -149.778 178.288
549 -149.96 177.261
550 -150.243 176.145
551 -150.637 174.969
552 -151.13 173.745
553 -151.698 172.476
554 -152.307 171.167
555 -152.928 169.82
556 -153.541 168.443
557 -154.135 167.049
558 -154.707 165.65
559 -155.257 164.258
560 -155.777 162.887
561 -156.258 161.548
562 -156.687 160.246
563 -157.056 158.987
564 -157.358 157.779
565 -157.594 156.631
566 -157.767 155.56
567 -157.884 154.585
568 -157.95 153.732
569 -157.974 153.02
570 -157.967 152.462
571 -157.942 152.052
572 -157.918 151.774
573 -157.904 151.6
574 -157.9 151.506
575 -157.89 151.475
576 -157.841 151.501
577 -157.715 151.587
578 -157.483 151.74
579 -157.14 151.96
580 -156.711 152.238
581 -156.247 152.553
582 -155.813 152.881
583 -155.472 153.196
584 -155.275 153.478
585 -155.249 153.713
586 -155.406 153.895
587 -155.735 154.02
588 -156.214 154.083
589 -156.81 154.072
590 -157.487 153.979
591 -158.21 153.795
592 -158.953 153.523
593 -159.697 153.174
594 -160.43 152.77
595 -161.143 152.341
596 -161.82 151.918
597 -162.438 151.528
598 -162.968 151.186
599 -163.379 150.897
600 -163.651 150.647
601 -163.781 150.415
602 -163.775 150.183
603 -163.654 149.943
604 -163.441 149.707
605 -163.161 149.509
606 -162.834 149.404
607 -162.473 149.447
608 -162.085 149.679
609 -161.671 150.106
610 -161.227 150.694
611 -160.743 151.38
612 -160.208 152.095
613 -159.611 152.778
614 -158.946 153.397
615 -158.221 153.951
616 -157.455 154.467
617 -156.685 154.985
618 -155.949 155.545
619 -155.284 156.172
620 -154.718 156.859
621 -154.265 157.572
622 -153.924 158.257
623 -153.686 158.858
624 -153.54 159.33
625 -153.484 159.651
626 -153.527 159.826
627 -153.686 159.885
628 -153.98 159.871
629 -154.419 159.827
630 -154.998 159.78
631 -155.694 159.736
632 -156.467 159.681
633 -157.269 159.591
634 -158.05 159.446
635 -158.766 159.239
636 -159.379 158.981
637 -159.868 158.698
638 -160.22 158.429
639 -160.435 158.215
640 -160.531 158.091
641 -160.528 158.073
642 -160.449 158.16
643 -160.305 158.334
644 -160.092 158.569
645 -159.793 158.84
646 -159.391 159.122
647 -158.873 159.402
648 -158.244 159.671
649 -157.524 159.93
650 -156.744 160.18
651 -155.941 160.426
652 -155.145 160.668
653 -154.378 160.903
654 -153.651 161.121
655 -152.969 161.306
656 -152.335 161.438
657 -151.752 161.496
658 -151.223 161.463
659 -150.751 161.324
660 -150.334 161.077
661 -149.97 160.726
662 -149.666 160.284
663 -149.437 159.773
664 -149.304 159.218
665 -149.284 158.646
666 -149.379 158.085
667 -149.572 157.553
668 -149.826 157.057
669 -150.099 156.589
670 -150.352 156.131
671 -150.563 155.662
672 -150.73 155.171
673 -150.869 154.658
674 -151 154.143
675 -151.144 153.662
676 -151.307 153.259
677 -151.487 152.971
678 -151.678 152.817
679 -151.871 152.785
680 -152.067 152.844
681 -152.268 152.947
682 -152.484 153.054
683 -152.731 153.144
684 -153.03 153.224
685 -153.41 153.322
686 -153.895 153.478
687 -154.502 153.722
688 -155.225 154.066
689 -156.035 154.487
690 -156.886 154.939
691 -157.727 155.361
692 -158.514 155.7
693 -159.218 155.922
694 -159.823 156.017
695 -160.328 156.002
696 -160.737 155.915
697 -161.055 155.801
698 -161.287 155.704
699 -161.437 155.647
700 -161.511 155.629
701 -161.518 155.625
702 -161.461 155.594
703 -161.344 155.498
704 -161.165 155.318
705 -160.925 155.056
706 -160.628 154.745
707 -160.281 154.432
708 -159.899 154.169
709 -159.496 153.989
710 -159.087 153.9
711 -158.678 153.879
712 -158.269 153.885
713 -157.848 153.874
714 -157.404 153.815
715 -156.928 153.696
716 -156.421 153.525
717 -155.897 153.327
718 -155.387 153.129
719 -154.935 152.956
720 -154.587 152.816
721 -154.389 152.701
722 -154.369 152.591
723 -154.54 152.465
724 -154.89 152.308
725 -155.39 152.118
726 -155.998 151.909
727 -156.668 151.703
728 -157.355 151.523
729 -158.024 151.387
730 -158.654 151.305
731 -159.23 151.274
732 -159.746 151.282
733 -160.188 151.317
734 -160.53 151.368
735 -160.735 151.429
736 -160.764 151.503
737 -160.578 151.596
738 -160.163 151.717
739 -159.531 151.868
740 -158.722 152.052
741 -157.795 152.265
742 -156.815 152.505
743 -155.838 152.769
744 -154.908 153.06
745 -154.048 153.38
746 -153.269 153.731
747 -152.572 154.107
748 -151.958 154.491
749 -151.422 154.854
750 -150.961 155.168
751 -150.573 155.405
752 -150.256 155.551
753 -150.013 155.608
754 -149.855 155.59
755 -149.796 155.522
756 -149.852 155.429
757 -150.024 155.327
758 -150.303 155.223
759 -150.661 155.106
760 -151.066 154.955
761 -151.492 154.744
762 -151.933 154.456
763 -152.407 154.092
764 -152.943 153.674
765 -153.572 153.248
766 -154.306 152.878
767 -155.129 152.62
768 -155.999 152.512
769 -156.864 152.555
770 -157.68 152.713
771 -158.422 152.927
772 -159.078 153.134
773 -159.644 153.292
774 -160.116 153.385
775 -160.485 153.433
776 -160.742 153.474
777 -160.89 153.556
778 -160.939 153.713
779 -160.911 153.957
780 -160.829 154.266
781 -160.701 154.597
782 -160.517 154.901
783 -160.258 155.138
784 -159.902 155.288
785 -159.448 155.351
786 -158.916 155.351
787 -158.348 155.317
788 -157.792 155.284
789 -157.289 155.278
790 -156.851 155.308
791 -156.467 155.364
792 -156.108 155.419
793 -155.742 155.444
794 -155.346 155.408
795 -154.916 155.298
796 -154.466 155.115
797 -154.023 154.883
798 -153.623 154.638
799 -153.307 154.421
800 -153.109 154.263
801 -153.059 154.177
802 -153.172 154.151
803 -153.446 154.162
804 -153.861 154.183
805 -154.382 154.197
806 -154.959 154.2
807 -155.546 154.202
808 -156.101 154.218
809 -156.602 154.258
810 -157.045 154.325
811 -157.443 154.409
812 -157.816 154.493
813 -158.174 154.559
814 -158.511 154.591
815 -158.805 154.583
816 -159.027 154.531
817 -159.15 154.431
818 -159.164 154.281
819 -159.079 154.079
820 -158.923 153.823
821 -158.736 153.519
822 -158.56 153.182
823 -158.426 152.836
824 -158.353 152.507
825 -158.348 152.217
826 -158.405 151.975
827 -158.51 151.77
828 -158.64 151.578
829 -158.766 151.364
830 -158.856 151.1
831 -158.879 150.774
832 -158.81 150.392
833 -158.643 149.974
834 -158.382 149.552
835 -158.049 149.158
836 -157.67 148.817
837 -157.27 148.545
838 -156.864 148.339
839 -156.456 148.185
840 -156.047 148.059
841 -155.639 147.933
842 -155.245 147.785
843 -154.893 147.607
844 -154.622 147.407
845 -154.468 147.214
846 -154.451 147.067
847 -154.567 147.003
848 -154.79 147.043
849 -155.08 147.18
850 -155.395 147.375
851 -155.702 147.575
852 -155.977 147.727
853 -156.21 147.796
854 -156.397 147.778
855 -156.546 147.7
856 -156.666 147.61
857 -156.777 147.563
858 -156.9 147.602
859 -157.055 147.744
860 -157.254 147.972
861 -157.497 148.246
862 -157.768 148.519
863 -158.047 148.751
864 -158.32 148.923
865 -158.581 149.038
866 -158.842 149.113
867 -159.118 149.175
868 -159.426 149.249
869 -159.765 149.347
870 -160.12 149.467
871 -160.46 149.587
872 -160.745 149.68
873 -160.933 149.712
874 -160.993 149.659
875 -160.91 149.503
876 -160.688 149.242
877 -160.353 148.891
878 -159.943 148.475
879 -159.499 148.026
880 -159.063 147.576
881 -158.668 147.147
882 -158.333 146.747
883 -158.066 146.371
884 -157.866 146.012
885 -157.726 145.657
886 -157.635 145.303
887 -157.584 144.952
888 -157.561 144.615
889 -157.556 144.31
890 -157.556 144.053
891 -157.552 143.854
892 -157.535 143.716
893 -157.498 143.631
894 -157.427 143.585
895 -157.306 143.563
896 -157.112 143.547
897 -156.827 143.527
898 -156.444 143.491
899 -155.976 143.437
900 -155.454 143.362
901 -154.926 143.275
902 -154.443 143.188
903 -154.051 143.122
904 -153.775 143.103
905 -153.617 143.159
906 -153.552 143.309
907 -153.541 143.552
908 -153.537 143.871
909 -153.499 144.228
910 -153.4 144.582
911 -153.225 144.894
912 -152.975 145.144
913 -152.658 145.334
914 -152.291 145.486
915 -151.891 145.632
916 -151.477 145.807
917 -151.064 146.03
918 -150.662 146.299
919 -150.269 146.585
920 -149.874 146.85
921 -149.464 147.051
922 -149.026 147.159
923 -148.561 147.168
924 -148.089 147.094
925 -147.644 146.973
926 -147.267 146.842
927 -146.994 146.73
928 -146.834 146.646
929 -146.766 146.572
930 -146.737 146.472
931 -146.68 146.301
932 -146.535 146.02
933 -146.27 145.606
934 -145.888 145.06
935 -145.426 144.407
936 -144.951 143.699
937 -144.53 142.998
938 -144.22 142.363
939 -144.052 141.829
940 -144.023 141.396
941 -144.114 141.031
942 -144.297 140.687
943 -144.547 140.322
944 -144.849 139.917
945 -145.195 139.488
946 -145.579 139.074
947 -145.994 138.731
948 -146.428 138.5
949 -146.869 138.395
950 -147.3 138.396
951 -147.698 138.452
952 -148.034 138.499
953 -148.27 138.479
954 -148.369 138.356
955 -148.305 138.121
956 -148.069 137.792
957 -147.681 137.411
958 -147.19 137.03
959 -146.665 136.705
960 -146.177 136.477
961 -145.788 136.37
962 -145.53 136.391
963 -145.414 136.529
964 -145.431 136.766
965 -145.563 137.077
966 -145.794 137.44
967 -146.108 137.831
968 -146.486 138.235
969 -146.901 138.639
970 -147.32 139.038
971 -147.708 139.427
972 -148.033 139.803
973 -148.273 140.163
974 -148.422 140.499
975 -148.483 140.799
976 -148.471 141.044
977 -148.402 141.215
978 -148.292 141.292
979 -148.149 141.261
980 -147.979 141.114
981 -147.788 140.856
982 -147.593 140.497
983 -147.416 140.062
984 -147.279 139.581
985 -147.197 139.089
986 -147.167 138.62
987 -147.172 138.196
988 -147.179 137.821
989 -147.158 137.481
990 -147.08 137.156
991 -146.931 136.824
992 -146.712 136.475
993 -146.432 136.119
994 -146.107 135.785
995 -145.753 135.514
996 -145.392 135.349
997 -145.044 135.319
998 -144.733 135.426
999 -144.478 135.647
1000 -144.29 135.945
1001 -144.169 136.277
1002 -144.115 136.617
1003 -144.133 136.958
1004 -144.24 137.31
1005 -144.46 137.693
1006 -144.816 138.121
1007 -145.316 138.592
1008 -145.932 139.087
1009 -146.611 139.572
1010 -147.275 140.006
1011 -147.851 140.355
1012 -148.28 140.596
1013 -148.534 140.726
1014 -148.612 140.756
1015 -148.544 140.711
1016 -148.376 140.623
1017 -148.157 140.524
1018 -147.925 140.433
1019 -147.701 140.353
1020 -147.481 140.273
1021 -147.251 140.171
1022 -146.986 140.028
1023 -146.671 139.836
1024 -146.306 139.6
1025 -145.906 139.343
1026 -145.504 139.095
1027 -145.139 138.883
1028 -144.839 138.727
1029 -144.614 138.627
1030 -144.448 138.567
1031 -144.314 138.514
1032 -144.18 138.431
1033 -144.02 138.287
1034 -143.82 138.068
1035 -143.576 137.776
1036 -143.288 137.436
1037 -142.964 137.082
1038 -142.62 136.748
1039 -142.278 136.459
1040 -141.964 136.221
1041 -141.705 136.026
1042 -141.52 135.858
1043 -141.416 135.703
1044 -141.39 135.557
1045 -141.429 135.428
1046 -141.52 135.336
1047 -141.655 135.298
1048 -141.834 135.325
1049 -142.061 135.419
1050 -142.342 135.571
1051 -142.681 135.769
1052 -143.074 136.007
1053 -143.519 136.287
1054 -144.013 136.613
1055 -144.562 136.995
1056 -145.171 137.432
1057 -145.844 137.914
1058 -146.571 138.423
1059 -147.335 138.941
1060 -148.111 139.456
1061 -148.881 139.967
1062 -149.637 140.481
1063 -150.381 141.011
1064 -151.122 141.565
1065 -151.87 142.135
1066 -152.627 142.702
1067 -153.38 143.231
1068 -154.098 143.687
1069 -154.737 144.044
1070 -155.249 144.288
1071 -155.598 144.418
1072 -155.775 144.443
1073 -155.795 144.374
1074 -155.702 144.224
1075 -155.551 144.005
1076 -155.39 143.724
1077 -155.251 143.384
1078 -155.142 142.977
1079 -155.049 142.488
1080 -154.954 141.896
1081 -154.849 141.184
1082 -154.744 140.348
1083 -154.666 139.408
1084 -154.645 138.414
1085 -154.696 137.436
1086 -154.809 136.545
1087 -154.955 135.792
1088 -155.096 135.192
1089 -155.202 134.719
1090 -155.257 134.325
1091 -155.256 133.957
1092 -155.201 133.581
1093 -155.092 133.193
1094 -154.938 132.823
1095 -154.754 132.523
1096 -154.573 132.348
1097 -154.438 132.339
1098 -154.39 132.512
1099 -154.45 132.853
1100 -154.614 133.324
1101 -154.851 133.885
1102 -155.122 134.494
1103 -155.393 135.117
1104 -155.657 135.72
1105 -155.93 136.276
1106 -156.24 136.764
1107 -156.611 137.171
1108 -157.043 137.496
1109 -157.51 137.745
1110 -157.967 137.927
1111 -158.37 138.043
1112 -158.684 138.086
1113 -158.901 138.039
1114 -159.036 137.886
1115 -159.117 137.617
1116 -159.173 137.239
1117 -159.226 136.775
1118 -159.284 136.263
1119 -159.352 135.745
1120 -159.433 135.255
1121 -159.535 134.817
1122 -159.667 134.447
1123 -159.827 134.152
1124 -160.001 133.942
1125 -160.157 133.824
1126 -160.255 133.799
1127 -160.262 133.861
1128 -160.158 133.991
1129 -159.942 134.166
1130 -159.63 134.361
1131 -159.245 134.56
1132 -158.81 134.756
1133 -158.336 134.958
1134 -157.825 135.18
1135 -157.276 135.437
1136 -156.693 135.733
1137 -156.084 136.059
1138 -155.471 136.392
1139 -154.877 136.703
1140 -154.326 136.969
1141 -153.834 137.181
1142 -153.415 137.35
1143 -153.074 137.501
1144 -152.815 137.667
1145 -152.632 137.871
1146 -152.512 138.12
1147 -152.426 138.4
1148 -152.333 138.681
1149 -152.183 138.931
1150 -151.93 139.127
1151 -151.546 139.261
1152 -151.029 139.343
1153 -150.411 139.393
1154 -149.749 139.443
1155 -149.108 139.521
1156 -148.547 139.645
1157 -148.095 139.816
1158 -147.748 140.015
1159 -147.476 140.209
1160 -147.245 140.36
1161 -147.029 140.434
1162 -146.821 140.413
1163 -146.631 140.302
1164 -146.477 140.126
1165 -146.372 139.924
1166 -146.318 139.733
1167 -146.298 139.575
1168 -146.283 139.444
1169 -146.235 139.315
1170 -146.12 139.146
1171 -145.914 138.902
1172 -145.599 138.563
1173 -145.17 138.139
1174 -144.629 137.668
1175 -143.992 137.209
1176 -143.29 136.828
1177 -142.567 136.575
1178 -141.87 136.471
1179 -141.243 136.502
1180 -140.709 136.631
1181 -140.276 136.806
1182 -139.937 136.989
1183 -139.678 137.158
1184 -139.492 137.312
1185 -139.381 137.463
1186 -139.351 137.627
1187 -139.41 137.808
1188 -139.562 137.998
1189 -139.801 138.172
1190 -140.109 138.301
1191 -140.462 138.359
1192 -140.834 138.33
1193 -141.207 138.21
1194 -141.57 138.007
1195 -141.921 137.737
1196 -142.261 137.419
1197 -142.593 137.071
1198 -142.914 136.71
1199 -143.219 136.353
1200 -143.505 136.013
1201 -143.769 135.702
1202 -144.01 135.429
1203 -144.223 135.203
1204 -144.404 135.026
1205 -144.54 134.895
1206 -144.614 134.802
1207 -144.606 134.731
1208 -144.501 134.663
1209 -144.291 134.579
1210 -143.986 134.465
1211 -143.61 134.317
1212 -143.197 134.145
1213 -142.785 133.969
1214 -142.402 133.82
1215 -142.069 133.722
1216 -141.794 133.687
1217 -141.582 133.705
1218 -141.442 133.747
1219 -141.387 133.778
1220 -141.437 133.766
1221 -141.613 133.704
1222 -141.927 133.607
1223 -142.377 133.517
1224 -142.94 133.481
1225 -143.574 133.539
1226 -144.228 133.705
1227 -144.853 133.959
1228 -145.411 134.258
1229 -145.882 134.546
1230 -146.256 134.776
1231 -146.529 134.923
1232 -146.699 134.991
1233 -146.767 135.01
1234 -146.738 135.026
1235 -146.625 135.086
1236 -146.45 135.218
1237 -146.239 135.421
1238 -146.019 135.663
1239 -145.808 135.893
1240 -145.613 136.058
1241 -145.434 136.124
1242 -145.266 136.083
1243 -145.11 135.956
1244 -144.974 135.782
1245 -144.867 135.604
1246 -144.792 135.456
1247 -144.743 135.347
1248 -144.696 135.266
1249 -144.619 135.184
1250 -144.478 135.071
1251 -144.25 134.906
1252 -143.927 134.688
1253 -143.525 134.435
1254 -143.074 134.187
1255 -142.613 133.989
1256 -142.179 133.885
1257 -141.797 133.9
1258 -141.482 134.036
1259 -141.235 134.273
1260 -141.055 134.575
1261 -140.932 134.906
1262 -140.845 135.243
1263 -140.764 135.579
1264 -140.646 135.929
1265 -140.45 136.312
1266 -140.144 136.743
1267 -139.719 137.222
1268 -139.192 137.731
1269 -138.596 138.232
1270 -137.969 138.69
1271 -137.335 139.077
1272 -136.707 139.385
1273 -136.09 139.626
1274 -135.494 139.825
1275 -134.935 140.009
1276 -134.444 140.192
1277 -134.054 140.375
1278 -133.796 140.543
1279 -133.688 140.674
1280 -133.738 140.754
1281 -133.945 140.785
1282 -134.306 140.781
1283 -134.818 140.764
1284 -135.479 140.754
1285 -136.278 140.754
1286 -137.194 140.754
1287 -138.189 140.734
1288 -139.221 140.668
1289 -140.248 140.54
1290 -141.237 140.344
1291 -142.168 140.093
1292 -143.035 139.813
1293 -143.841 139.542
1294 -144.588 139.316
1295 -145.271 139.167
1296 -145.877 139.111
1297 -146.389 139.145
1298 -146.792 139.252
1299 -147.079 139.409
1300 -147.256 139.597
1301 -147.337 139.81
1302 -147.342 140.06
1303 -147.286 140.372
1304 -147.177 140.777
1305 -147.012 141.293
1306 -146.784 141.911
1307 -146.482 142.596
1308 -146.104 143.287
1309 -145.654 143.921
1310 -145.143 144.44
1311 -144.597 144.809
1312 -144.049 145.018
1313 -143.546 145.076
1314 -143.135 145.008
1315 -142.862 144.833
1316 -142.757 144.557
1317 -142.83 144.167
1318 -143.065 143.637
1319 -143.437 142.935
1320 -143.911 142.042
1321 -144.465 140.961
1322 -145.084 139.717
1323 -145.765 138.366
1324 -146.51 136.976
1325 -147.318 135.62
1326 -148.178 134.36
1327 -149.067 133.237
1328 -149.951 132.268
1329 -150.792 131.448
1330 -151.548 130.767
1331 -152.179 130.222
1332 -152.642 129.819
1333 -152.901 129.581
1334 -152.933 129.54
1335 -152.739 129.722
1336 -152.348 130.144
1337 -151.815 130.796
1338 -151.207 131.648
1339 -150.583 132.65
1340 -149.984 133.744
1341 -149.433 134.875
1342 -148.938 135.995
1343 -148.511 137.069
1344 -148.163 138.068
1345 -147.913 138.969
1346 -147.777 139.754
1347 -147.762 140.411
1348 -147.866 140.93
1349 -148.08 141.307
1350 -148.398 141.544
1351 -148.82 141.646
1352 -149.349 141.623
1353 -149.98 141.489
1354 -150.699 141.261
1355 -151.474 140.955
1356 -152.267 140.586
1357 -153.043 140.162
1358 -153.785 139.692
1359 -154.491 139.191
1360 -155.174 138.68
1361 -155.845 138.196
1362 -156.503 137.788
1363 -157.127 137.505
1364 -157.676 137.385
1365 -158.1 137.442
1366 -158.352 137.662
1367 -158.4 138.005
1368 -158.231 138.423
1369 -157.847 138.875
1370 -157.262 139.335
1371 -156.498 139.801
1372 -155.588 140.284
1373 -154.578 140.803
1374 -153.525 141.372
1375 -152.498 141.987
1376 -151.553 142.627
1377 -150.73 143.26
1378 -150.042 143.846
1379 -149.488 144.349
1380 -149.058 144.748
1381 -148.755 145.04
1382 -148.594 145.237
1383 -148.603 145.363
1384 -148.81 145.445
1385 -149.227 145.504
1386 -149.833 145.552
1387 -150.577 145.583
1388 -151.389 145.585
1389 -152.2 145.539
1390 -152.959 145.432
1391 -153.636 145.268
1392 -154.221 145.067
1393 -154.717 144.868
1394 -155.132 144.72
1395 -155.475 144.668
1396 -155.758 144.737
1397 -155.991 144.93
1398 -156.185 145.224
1399 -156.345 145.583
1400 -156.471 145.973
1401 -156.557 146.368
1402 -156.594 146.761
1403 -156.576 147.154
1404 -156.503 147.557
1405 -156.386 147.974
1406 -156.241 148.401
1407 -156.086 148.821
1408 -155.941 149.21
1409 -155.819 149.539
1410 -155.73 149.784
1411 -155.684 149.927
1412 -155.695 149.96
1413 -155.784 149.885
1414 -155.974 149.711
1415 -156.283 149.453
1416 -156.726 149.128
1417 -157.308 148.754
1418 -158.032 148.345
1419 -158.899 147.911
1420 -159.912 147.462
1421 -161.069 147.006
1422 -162.362 146.552
1423 -163.766 146.108
1424 -165.24 145.679
1425 -166.727 145.264
1426 -168.163 144.86
1427 -169.49 144.459
1428 -170.658 144.058
1429 -171.633 143.657
1430 -172.397 143.259
1431 -172.936 142.872
1432 -173.243 142.505
1433 -173.313 142.168
1434 -173.159 141.868
1435 -172.806 141.608
1436 -172.301 141.391
1437 -171.702 141.217
1438 -171.075 141.089
1439 -170.479 141.015
1440 -169.961 141.01
1441 -169.552 141.091
1442 -169.259 141.276
1443 -169.073 141.572
1444 -168.964 141.975
1445 -168.896 142.462
1446 -168.83 143.001
1447 -168.735 143.55
1448 -168.592 144.075
1449 -168.39 144.556
1450 -168.128 144.989
1451 -167.812 145.387
1452 -167.451 145.777
1453 -167.056 146.187
1454 -166.639 146.646
1455 -166.21 147.163
1456 -165.78 147.735
1457 -165.354 148.339
1458 -164.937 148.946
1459 -164.53 149.527
1460 -164.137 150.067
1461 -163.757 150.566
1462 -163.395 151.042
1463 -163.049 151.523
1464 -162.717 152.04
1465 -162.388 152.614
1466 -162.047 153.251
1467 -161.675 153.941
1468 -161.25 154.659
1469 -160.756 155.377
1470 -160.187 156.07
1471 -159.553 156.726
1472 -158.882 157.339
1473 -158.221 157.919
1474 -157.624 158.479
1475 -157.136 159.041
1476 -156.783 159.621
1477 -156.568 160.23
1478 -156.472 160.869
1479 -156.464 161.529
1480 -156.511 162.195
1481 -156.59 162.853
1482 -156.687 163.491
1483 -156.796 164.106
1484 -156.921 164.698
1485 -157.066 165.273
1486 -157.234 165.829
1487 -157.422 166.361
1488 -157.625 166.855
1489 -157.83 167.299
1490 -158.017 167.681
1491 -158.161 167.999
1492 -158.234 168.262
1493 -158.21 168.483
1494 -158.071 168.679
1495 -157.809 168.862
1496 -157.429 169.036
1497 -156.947 169.198
1498 -156.388 169.338
1499 -155.785 169.442
1500 -155.17 169.503
1501 -154.572 169.516
1502 -154.016 169.486
1503 -153.519 169.419
1504 -153.093 169.321
1505 -152.742 169.193
1506 -152.466 169.029
1507 -152.259 168.818
1508 -152.117 168.551
1509 -152.032 168.225
1510 -152.003 167.847
1511 -152.038 167.428
1512 -152.149 166.983
1513 -152.356 166.521
1514 -152.672 166.044
1515 -153.096 165.542
1516 -153.61 165.004
1517 -154.178 164.42
1518 -154.762 163.785
1519 -155.332 163.109
1520 -155.872 162.408
1521 -156.376 161.704
1522 -156.843 161.022
1523 -157.265 160.384
1524 -157.625 159.802
1525 -157.896 159.274
1526 -158.05 158.788
1527 -158.071 158.322
1528 -157.955 157.85
1529 -157.714 157.353
1530 -157.363 156.826
1531 -156.919 156.277
1532 -156.4 155.731
1533 -155.82 155.218
1534 -155.196 154.761
1535 -154.547 154.372
1536 -153.893 154.048
1537 -153.251 153.772
1538 -152.629 153.524
1539 -152.03 153.288
1540 -151.458 153.06
1541 -150.928 152.849
1542 -150.463 152.674
1543 -150.098 152.555
1544 -149.862 152.506
1545 -149.773 152.533
1546 -149.828 152.626
1547 -150 152.764
1548 -150.256 152.923
1549 -150.563 153.084
1550 -150.9 153.237
1551 -151.257 153.386
1552 -151.633 153.546
1553 -152.034 153.736
1554 -152.461 153.966
1555 -152.915 154.236
1556 -153.39 154.525
1557 -153.875 154.804
1558 -154.358 155.037
1559 -154.825 155.199
1560 -155.258 155.276
1561 -155.637 155.271
1562 -155.944 155.194
1563 -156.158 155.062
1564 -156.262 154.888
1565 -156.24 154.677
1566 -156.08 154.424
1567 -155.776 154.116
1568 -155.329 153.734
1569 -154.741 153.263
1570 -154.024 152.692
1571 -153.195 152.025
1572 -152.279 151.274
1573 -151.31 150.465
1574 -150.326 149.626
1575 -149.363 148.786
1576 -148.45 147.961
1577 -147.603 147.164
1578 -146.828 146.397
1579 -146.126 145.664
1580 -145.496 144.974
1581 -144.94 144.338
1582 -144.47 143.769
1583 -144.099 143.279
1584 -143.842 142.871
1585 -143.706 142.536
1586 -143.684 142.252
1587 -143.759 141.992
1588 -143.909 141.728
1589 -144.111 141.439
1590 -144.346 141.117
1591 -144.597 140.764
1592 -144.85 140.391
1593 -145.094 140.013
1594 -145.319 139.638
1595 -145.521 139.268
1596 -145.701 138.893
1597 -145.865 138.497
1598 -146.02 138.07
1599 -146.169 137.611
1600 -146.313 137.133
1601 -146.448 136.662
1602 -146.561 136.228
1603 -146.64 135.86
1604 -146.669 135.57
1605 -146.638 135.352
1606 -146.541 135.184
1607 -146.377 135.033
1608 -146.153 134.865
1609 -145.878 134.655
1610 -145.566 134.391
1611 -145.235 134.079
1612 -144.903 133.732
1613 -144.59 133.368
1614 -144.31 132.997
1615 -144.07 132.618
1616 -143.872 132.216
1617 -143.714 131.772
1618 -143.594 131.263
1619 -143.513 130.682
1620 -143.475 130.033
1621 -143.486 129.339
1622 -143.555 128.63
1623 -143.687 127.937
1624 -143.88 127.28
1625 -144.128 126.663
1626 -144.414 126.076
1627 -144.72 125.499
1628 -145.029 124.912
1629 -145.331 124.302
1630 -145.621 123.669
1631 -145.899 123.031
1632 -146.168 122.413
1633 -146.434 121.846
1634 -146.703 121.351
1635 -146.987 120.937
1636 -147.301 120.598
1637 -147.666 120.315
1638 -148.103 120.071
1639 -148.63 119.85
1640 -149.255 119.654
1641 -149.975 119.489
1642 -150.771 119.37
1643 -151.609 119.304
1644 -152.447 119.285
1645 -153.241 119.293
1646 -153.953 119.294
1647 -154.557 119.25
1648 -155.039 119.13
1649 -155.395 118.919
1650 -155.628 118.619
1651 -155.744 118.248
1652 -155.754 117.834
1653 -155.669 117.406
1654 -155.504 116.987
1655 -155.276 116.587
1656 -155.004 116.203
1657 -154.708 115.832
1658 -154.402 115.472
1659 -154.102 115.134
1660 -153.814 114.845
1661 -153.54 114.64
1662 -153.273 114.556
1663 -153.001 114.617
1664 -152.708 114.826
1665 -152.382 115.161
1666 -152.011 115.581
1667 -151.594 116.032
1668 -151.13 116.465
1669 -150.629 116.844
1670 -150.103 117.151
1671 -149.571 117.383
1672 -149.058 117.551
1673 -148.591 117.665
1674 -148.191 117.727
1675 -147.873 117.725
1676 -147.643 117.633
1677 -147.492 117.419
1678 -147.405 117.059
1679 -147.365 116.542
1680 -147.349 115.884
1681 -147.339 115.123
1682 -147.313 114.315
1683 -147.25 113.52
1684 -147.133 112.787
1685 -146.948 112.147
1686 -146.692 111.601
1687 -146.367 111.138
1688 -145.985 110.739
1689 -145.559 110.392
1690 -145.108 110.101
1691 -144.654 109.889
1692 -144.221 109.786
1693 -143.836 109.822
1694 -143.522 110.012
1695 -143.295 110.349
1696 -143.161 110.803
1697 -143.117 111.328
1698 -143.152 111.874
1699 -143.254 112.395
1700 -143.41 112.859
1701 -143.609 113.251
1702 -143.842 113.573
1703 -144.098 113.832
1704 -144.368 114.038
1705 -144.639 114.196
1706 -144.903 114.301
1707 -145.15 114.345
1708 -145.378 114.32
1709 -145.585 114.228
1710 -145.77 114.085
1711 -145.932 113.921
1712 -146.065 113.774
1713 -146.166 113.683
1714 -146.237 113.673
1715 -146.287 113.75
1716 -146.328 113.903
1717 -146.372 114.111
1718 -146.425 114.351
1719 -146.478 114.612
1720 -146.513 114.896
1721 -146.497 115.213
1722 -146.394 115.577
1723 -146.167 115.991
1724 -145.793 116.444
1725 -145.258 116.91
1726 -144.569 117.359
1727 -143.739 117.76
1728 -142.795 118.092
1729 -141.769 118.349
1730 -140.704 118.543
1731 -139.646 118.694
1732 -138.645 118.832
1733 -137.747 118.979
1734 -136.982 119.147
1735 -136.359 119.335
1736 -135.862 119.528
1737 -135.461 119.709
1738 -135.126 119.861
1739 -134.831 119.982
1740 -134.567 120.083
1741 -134.334 120.189
1742 -134.142 120.331
1743 -134 120.536
1744 -133.907 120.816
1745 -133.853 121.162
1746 -133.82 121.549
1747 -133.793 121.948
1748 -133.762 122.332
1749 -133.728 122.695
1750 -133.694 123.049
1751 -133.665 123.424
1752 -133.642 123.853
1753 -133.628 124.356
1754 -133.632 124.932
1755 -133.666 125.554
1756 -133.738 126.177
1757 -133.851 126.751
1758 -133.994 127.242
1759 -134.149 127.639
1760 -134.292 127.956
1761 -134.405 128.225
1762 -134.478 128.478
1763 -134.512 128.741
1764 -134.517 129.02
1765 -134.5 129.303
1766 -134.468 129.572
1767 -134.419 129.807
1768 -134.355 129.998
1769 -134.286 130.146
1770 -134.234 130.266
1771 -134.233 130.38
1772 -134.317 130.507
1773 -134.51 130.659
1774 -134.817 130.838
1775 -135.228 131.028
1776 -135.721 131.203
1777 -136.276 131.334
1778 -136.878 131.394
1779 -137.514 131.372
1780 -138.175 131.27
1781 -138.843 131.109
1782 -139.487 130.915
1783 -140.065 130.715
1784 -140.54 130.522
1785 -140.876 130.34
1786 -141.056 130.157
1787 -141.084 129.965
1788 -140.972 129.758
1789 -140.744 129.549
1790 -140.422 129.364
1791 -140.026 129.24
1792 -139.579 129.213
1793 -139.105 129.308
1794 -138.633 129.529
1795 -138.189 129.863
1796 -137.796 130.285
1797 -137.468 130.768
1798 -137.206 131.297
1799 -137.006 131.868
1800 -136.86 132.493
1801 -136.764 133.187
1802 -136.716 133.96
1803 -136.717 134.808
1804 -136.762 135.707
1805 -136.84 136.618
1806 -136.932 137.501
1807 -137.014 138.321
1808 -137.074 139.056
1809 -137.114 139.702
1810 -137.153 140.271
1811 -137.223 140.789
1812 -137.354 141.284
1813 -137.565 141.777
1814 -137.859 142.272
1815 -138.219 142.756
1816 -138.625 143.206
1817 -139.052 143.594
1818 -139.484 143.897
1819 -139.909 144.112
1820 -140.314 144.247
1821 -140.68 144.324
1822 -140.986 144.362
1823 -141.207 144.376
1824 -141.323 144.362
1825 -141.32 144.302
1826 -141.194 144.17
1827 -140.949 143.937
1828 -140.591 143.589
1829 -140.129 143.123
1830 -139.576 142.557
1831 -138.954 141.918
1832 -138.291 141.241
1833 -137.62 140.552
1834 -136.975 139.864
1835 -136.382 139.176
1836 -135.864 138.481
1837 -135.437 137.769
1838 -135.117 137.041
1839 -134.926 136.313
1840 -134.891 135.61
1841 -135.048 134.969
1842 -135.419 134.422
1843 -136.012 133.988
1844 -136.803 133.666
1845 -137.747 133.442
1846 -138.786 133.288
1847 -139.866 133.183
1848 -140.95 133.113
1849 -142.02 133.079
1850 -143.072 133.094
1851 -144.11 133.18
1852 -145.134 133.352
1853 -146.146 133.615
1854 -147.143 133.956
1855 -148.121 134.341
1856 -149.079 134.731
1857 -150.015 135.083
1858 -150.926 135.37
1859 -151.799 135.577
1860 -152.616 135.71
1861 -153.345 135.787
1862 -153.948 135.828
1863 -154.388 135.852
1864 -154.635 135.864
1865 -154.674 135.86
1866 -154.5 135.83
1867 -154.118 135.762
1868 -153.536 135.651
1869 -152.765 135.501
1870 -151.827 135.327
1871 -150.756 135.147
1872 -149.6 134.985
1873 -148.412 134.857
1874 -147.243 134.771
1875 -146.128 134.73
1876 -145.088 134.73
1877 -144.134 134.764
1878 -143.282 134.828
1879 -142.558 134.918
1880 -141.998 135.037
1881 -141.641 135.189
1882 -141.514 135.376
1883 -141.622 135.592
1884 -141.939 135.825
1885 -142.418 136.053
1886 -143.006 136.25
1887 -143.657 136.393
1888 -144.34 136.468
1889 -145.031 136.474
1890 -145.712 136.425
1891 -146.365 136.344
1892 -146.974 136.258
1893 -147.529 136.186
1894 -148.025 136.137
1895 -148.469 136.108
1896 -148.871 136.093
1897 -149.234 136.09
1898 -149.555 136.109
1899 -149.818 136.174
1900 -150.002 136.315
1901 -150.084 136.56
1902 -150.052 136.922
1903 -149.907 137.397
1904 -149.659 137.957
1905 -149.325 138.564
1906 -148.917 139.176
1907 -148.443 139.763
1908 -147.92 140.308
1909 -147.373 140.807
1910 -146.843 141.264
1911 -146.379 141.688
1912 -146.024 142.083
1913 -145.804 142.445
1914 -145.728 142.765
1915 -145.786 143.026
1916 -145.963 143.21
1917 -146.256 143.303
1918 -146.671 143.297
1919 -147.226 143.196
1920 -147.939 143.016
1921 -148.813 142.784
1922 -149.826 142.526
1923 -150.935 142.262
1924 -152.083 141.998
1925 -153.21 141.731
1926 -154.274 141.445
1927 -155.24 141.13
1928 -156.085 140.785
1929 -156.784 140.426
1930 -157.311 140.09
1931 -157.641 139.817
1932 -157.759 139.649
1933 -157.665 139.612
1934 -157.38 139.709
1935 -156.934 139.922
1936 -156.359 140.222
1937 -155.679 140.577
1938 -154.909 140.962
1939 -154.056 141.364
1940 -153.137 141.775
1941 -152.179 142.19
1942 -151.229 142.597
1943 -150.337 142.978
1944 -149.546 143.311
1945 -148.887 143.569
1946 -148.37 143.732
1947 -147.999 143.783
1948 -147.776 143.716
1949 -147.716 143.536
1950 -147.837 143.255
1951 -148.159 142.894
1952 -148.684 142.481
1953 -149.394 142.047
1954 -150.25 141.625
1955 -151.201 141.241
1956 -152.199 140.916
1957 -153.212 140.666
1958 -154.216 140.504
1959 -155.19 140.449
1960 -156.103 140.524
1961 -156.91 140.751
1962 -157.558 141.143
1963 -158 141.7
1964 -158.216 142.402
1965 -158.213 143.214
1966 -158.023 144.094
1967 -157.685 145.004
1968 -157.233 145.922
1969 -156.693 146.839
1970 -156.086 147.755
1971 -155.435 148.668
1972 -154.775 149.565
1973 -154.145 150.417
1974 -153.583 151.179
1975 -153.115 151.808
1976 -152.751 152.266
1977 -152.485 152.537
1978 -152.307 152.623
1979 -152.211 152.541
1980 -152.203 152.313
1981 -152.295 151.958
1982 -152.496 151.489
1983 -152.806 150.911
1984 -153.206 150.225
1985 -153.666 149.432
1986 -154.155 148.539
1987 -154.646 147.557
1988 -155.126 146.513
1989 -155.589 145.445
1990 -156.04 144.4
1991 -156.477 143.432
1992 -156.896 142.59
1993 -157.279 141.917
1994 -157.604 141.436
1995 -157.843 141.155
1996 -157.972 141.062
1997 -157.967 141.134
1998 -157.808 141.348
1999 -157.474 141.683
2000 -156.944 142.122
2001 -156.205 142.654
