     1	125.687
     2	125.361
     3	125.042
     4	124.752
     5	124.496
     6	124.266
     7	124.046
     8	123.822
     9	123.587
    10	123.351
    11	123.134
    12	122.962
    13	122.856
    14	122.824
    15	122.864
    16	122.96
    17	123.094
    18	123.251
    19	123.428
    20	123.629
    21	123.865
    22	124.147
    23	124.487
    24	124.894
    25	125.377
    26	125.943
    27	126.6
    28	127.356
    29	128.214
    30	129.166
    31	130.191
    32	131.254
    33	132.314
    34	133.325
    35	134.244
    36	135.038
    37	135.682
    38	136.165
    39	136.491
    40	136.664
    41	136.693
    42	136.58
    43	136.316
    44	135.889
    45	135.285
    46	134.5
    47	133.547
    48	132.462
    49	131.301
    50	130.129
    51	129.006
    52	127.974
    53	127.053
    54	126.241
    55	125.531
    56	124.918
    57	124.412
    58	124.038
    59	123.831
    60	123.82
    61	124.017
    62	124.406
    63	124.943
    64	125.565
    65	126.202
    66	126.794
    67	127.301
    68	127.711
    69	128.039
    70	128.315
    71	128.569
    72	128.816
    73	129.048
    74	129.224
    75	129.291
    76	129.196
    77	128.902
    78	128.405
    79	127.736
    80	126.946
    81	126.101
    82	125.26
    83	124.464
    84	123.731
    85	123.056
    86	122.427
    87	121.831
    88	121.269
    89	120.761
    90	120.344
    91	120.069
    92	119.982
    93	120.119
    94	120.487
    95	121.069
    96	121.82
    97	122.685
    98	123.607
    99	124.54
   100	125.455
   101	126.34
   102	127.197
   103	128.031
   104	128.846
   105	129.636
   106	130.386
   107	131.074
   108	131.676
   109	132.168
   110	132.538
   111	132.777
   112	132.887
   113	132.875
   114	132.753
   115	132.537
   116	132.25
   117	131.923
   118	131.585
   119	131.265
   120	130.983
   121	130.742
   122	130.533
   123	130.343
   124	130.158
   125	129.983
   126	129.839
   127	129.766
   128	129.814
   129	130.021
   130	130.404
   131	130.946
   132	131.603
   133	132.314
   134	133.018
   135	133.669
   136	134.249
   137	134.764
   138	135.239
   139	135.71
   140	136.203
   141	136.729
   142	137.27
   143	137.784
   144	138.216
   145	138.51
   146	138.626
   147	138.551
   148	138.305
   149	137.934
   150	137.497
   151	137.048
   152	136.614
   153	136.187
   154	135.729
   155	135.188
   156	134.522
   157	133.716
   158	132.79
   159	131.798
   160	130.813
   161	129.908
   162	129.136
   163	128.519
   164	128.047
   165	127.686
   166	127.396
   167	127.146
   168	126.922
   169	126.732
   170	126.6
   171	126.554
   172	126.62
   173	126.804
   174	127.094
   175	127.46
   176	127.858
   177	128.245
   178	128.579
   179	128.829
   180	128.974
   181	129.01
   182	128.943
   183	128.791
   184	128.578
   185	128.324
   186	128.049
   187	127.766
   188	127.481
   189	127.199
   190	126.924
   191	126.659
   192	126.41
   193	126.186
   194	126
   195	125.868
   196	125.807
   197	125.838
   198	125.98
   199	126.242
   200	126.624
   201	127.109
   202	127.67
   203	128.274
   204	128.897
   205	129.532
   206	130.195
   207	130.923
   208	131.769
   209	132.784
   210	133.995
   211	135.396
   212	136.94
   213	138.549
   214	140.137
   215	141.629
   216	142.978
   217	144.172
   218	145.225
   219	146.167
   220	147.026
   221	147.818
   222	148.537
   223	149.162
   224	149.661
   225	150.008
   226	150.19
   227	150.212
   228	150.095
   229	149.878
   230	149.611
   231	149.343
   232	149.114
   233	148.945
   234	148.835
   235	148.765
   236	148.711
   237	148.656
   238	148.597
   239	148.554
   240	148.563
   241	148.662
   242	148.878
   243	149.219
   244	149.669
   245	150.195
   246	150.758
   247	151.325
   248	151.877
   249	152.408
   250	152.922
   251	153.426
   252	153.923
   253	154.407
   254	154.867
   255	155.288
   256	155.655
   257	155.96
   258	156.195
   259	156.358
   260	156.45
   261	156.473
   262	156.436
   263	156.349
   264	156.233
   265	156.111
   266	156.011
   267	155.957
   268	155.964
   269	156.038
   270	156.168
   271	156.335
   272	156.513
   273	156.684
   274	156.84
   275	156.986
   276	157.135
   277	157.306
   278	157.513
   279	157.756
   280	158.018
   281	158.269
   282	158.469
   283	158.581
   284	158.577
   285	158.448
   286	158.201
   287	157.864
   288	157.477
   289	157.085
   290	156.724
   291	156.412
   292	156.15
   293	155.919
   294	155.697
   295	155.468
   296	155.232
   297	155.013
   298	154.848
   299	154.783
   300	154.855
   301	155.082
   302	155.452
   303	155.932
   304	156.479
   305	157.051
   306	157.623
   307	158.186
   308	158.748
   309	159.325
   310	159.926
   311	160.552
   312	161.184
   313	161.791
   314	162.335
   315	162.785
   316	163.12
   317	163.333
   318	163.433
   319	163.438
   320	163.372
   321	163.256
   322	163.105
   323	162.918
   324	162.683
   325	162.381
   326	161.99
   327	161.5
   328	160.911
   329	160.239
   330	159.514
   331	158.776
   332	158.064
   333	157.41
   334	156.829
   335	156.327
   336	155.895
   337	155.519
   338	155.179
   339	154.863
   340	154.558
   341	154.264
   342	153.988
   343	153.743
   344	153.55
   345	153.433
   346	153.417
   347	153.522
   348	153.766
   349	154.151
   350	154.668
   351	155.296
   352	156.007
   353	156.777
   354	157.588
   355	158.436
   356	159.327
   357	160.278
   358	161.299
   359	162.395
   360	163.553
   361	164.748
   362	165.948
   363	167.123
   364	168.255
   365	169.337
   366	170.374
   367	171.381
   368	172.363
   369	173.315
   370	174.214
   371	175.025
   372	175.706
   373	176.219
   374	176.539
   375	176.656
   376	176.576
   377	176.319
   378	175.907
   379	175.368
   380	174.725
   381	173.992
   382	173.177
   383	172.279
   384	171.296
   385	170.237
   386	169.124
   387	167.993
   388	166.9
   389	165.904
   390	165.053
   391	164.376
   392	163.869
   393	163.507
   394	163.245
   395	163.043
   396	162.872
   397	162.719
   398	162.587
   399	162.489
   400	162.441
   401	162.457
   402	162.536
   403	162.668
   404	162.835
   405	163.011
   406	163.173
   407	163.298
   408	163.371
   409	163.383
   410	163.335
   411	163.239
   412	163.112
   413	162.975
   414	162.847
   415	162.738
   416	162.647
   417	162.565
   418	162.478
   419	162.369
   420	162.225
   421	162.045
   422	161.83
   423	161.594
   424	161.351
   425	161.12
   426	160.923
   427	160.784
   428	160.725
   429	160.756
   430	160.879
   431	161.079
   432	161.336
   433	161.625
   434	161.928
   435	162.233
   436	162.54
   437	162.855
   438	163.187
   439	163.539
   440	163.905
   441	164.27
   442	164.608
   443	164.896
   444	165.114
   445	165.253
   446	165.313
   447	165.306
   448	165.246
   449	165.151
   450	165.029
   451	164.881
   452	164.703
   453	164.494
   454	164.259
   455	164.016
   456	163.795
   457	163.629
   458	163.552
   459	163.583
   460	163.73
   461	163.98
   462	164.309
   463	164.691
   464	165.099
   465	165.517
   466	165.936
   467	166.356
   468	166.781
   469	167.22
   470	167.675
   471	168.138
   472	168.594
   473	169.022
   474	169.401
   475	169.715
   476	169.955
   477	170.124
   478	170.234
   479	170.3
   480	170.336
   481	170.347
   482	170.326
   483	170.258
   484	170.126
   485	169.921
   486	169.646
   487	169.322
   488	168.979
   489	168.649
   490	168.354
   491	168.104
   492	167.893
   493	167.709
   494	167.544
   495	167.393
   496	167.264
   497	167.167
   498	167.108
   499	167.086
   500	167.089
   501	167.096
   502	167.08
   503	167.016
   504	166.886
   505	166.682
   506	166.407
   507	166.076
   508	165.706
   509	165.317
   510	164.926
   511	164.545
   512	164.185
   513	163.857
   514	163.576
   515	163.361
   516	163.232
   517	163.21
   518	163.308
   519	163.53
   520	163.864
   521	164.288
   522	164.779
   523	165.318
   524	165.898
   525	166.531
   526	167.238
   527	168.049
   528	168.979
   529	170.023
   530	171.151
   531	172.311
   532	173.445
   533	174.502
   534	175.45
   535	176.281
   536	177.011
   537	177.67
   538	178.289
   539	178.886
   540	179.457
   541	179.97
   542	-179.627
   543	-179.394
   544	-179.381
   545	-179.618
   546	179.895
   547	179.182
   548	178.288
   549	177.261
   550	176.145
   551	174.969
   552	173.745
   553	172.476
   554	171.167
   555	169.82
   556	168.443
   557	167.049
   558	165.65
   559	164.258
   560	162.887
   561	161.548
   562	160.246
   563	158.987
   564	157.779
   565	156.631
   566	155.56
   567	154.585
   568	153.732
   569	153.02
   570	152.462
   571	152.052
   572	151.774
   573	151.6
   574	151.506
   575	151.475
   576	151.501
   577	151.587
   578	151.74
   579	151.96
   580	152.238
   581	152.553
   582	152.881
   583	153.196
   584	153.478
   585	153.713
   586	153.895
   587	154.02
   588	154.083
   589	154.072
   590	153.979
   591	153.795
   592	153.523
   593	153.174
   594	152.77
   595	152.341
   596	151.918
   597	151.528
   598	151.186
   599	150.897
   600	150.647
   601	150.415
   602	150.183
   603	149.943
   604	149.707
   605	149.509
   606	149.404
   607	149.447
   608	149.679
   609	150.106
   610	150.694
   611	151.38
   612	152.095
   613	152.778
   614	153.397
   615	153.951
   616	154.467
   617	154.985
   618	155.545
   619	156.172
   620	156.859
   621	157.572
   622	158.257
   623	158.858
   624	159.33
   625	159.651
   626	159.826
   627	159.885
   628	159.871
   629	159.827
   630	159.78
   631	159.736
   632	159.681
   633	159.591
   634	159.446
   635	159.239
   636	158.981
   637	158.698
   638	158.429
   639	158.215
   640	158.091
   641	158.073
   642	158.16
   643	158.334
   644	158.569
   645	158.84
   646	159.122
   647	159.402
   648	159.671
   649	159.93
   650	160.18
   651	160.426
   652	160.668
   653	160.903
   654	161.121
   655	161.306
   656	161.438
   657	161.496
   658	161.463
   659	161.324
   660	161.077
   661	160.726
   662	160.284
   663	159.773
   664	159.218
   665	158.646
   666	158.085
   667	157.553
   668	157.057
   669	156.589
   670	156.131
   671	155.662
   672	155.171
   673	154.658
   674	154.143
   675	153.662
   676	153.259
   677	152.971
   678	152.817
   679	152.785
   680	152.844
   681	152.947
   682	153.054
   683	153.144
   684	153.224
   685	153.322
   686	153.478
   687	153.722
   688	154.066
   689	154.487
   690	154.939
   691	155.361
   692	155.7
   693	155.922
   694	156.017
   695	156.002
   696	155.915
   697	155.801
   698	155.704
   699	155.647
   700	155.629
   701	155.625
   702	155.594
   703	155.498
   704	155.318
   705	155.056
   706	154.745
   707	154.432
   708	154.169
   709	153.989
   710	153.9
   711	153.879
   712	153.885
   713	153.874
   714	153.815
   715	153.696
   716	153.525
   717	153.327
   718	153.129
   719	152.956
   720	152.816
   721	152.701
   722	152.591
   723	152.465
   724	152.308
   725	152.118
   726	151.909
   727	151.703
   728	151.523
   729	151.387
   730	151.305
   731	151.274
   732	151.282
   733	151.317
   734	151.368
   735	151.429
   736	151.503
   737	151.596
   738	151.717
   739	151.868
   740	152.052
   741	152.265
   742	152.505
   743	152.769
   744	153.06
   745	153.38
   746	153.731
   747	154.107
   748	154.491
   749	154.854
   750	155.168
   751	155.405
   752	155.551
   753	155.608
   754	155.59
   755	155.522
   756	155.429
   757	155.327
   758	155.223
   759	155.106
   760	154.955
   761	154.744
   762	154.456
   763	154.092
   764	153.674
   765	153.248
   766	152.878
   767	152.62
   768	152.512
   769	152.555
   770	152.713
   771	152.927
   772	153.134
   773	153.292
   774	153.385
   775	153.433
   776	153.474
   777	153.556
   778	153.713
   779	153.957
   780	154.266
   781	154.597
   782	154.901
   783	155.138
   784	155.288
   785	155.351
   786	155.351
   787	155.317
   788	155.284
   789	155.278
   790	155.308
   791	155.364
   792	155.419
   793	155.444
   794	155.408
   795	155.298
   796	155.115
   797	154.883
   798	154.638
   799	154.421
   800	154.263
   801	154.177
   802	154.151
   803	154.162
   804	154.183
   805	154.197
   806	154.2
   807	154.202
   808	154.218
   809	154.258
   810	154.325
   811	154.409
   812	154.493
   813	154.559
   814	154.591
   815	154.583
   816	154.531
   817	154.431
   818	154.281
   819	154.079
   820	153.823
   821	153.519
   822	153.182
   823	152.836
   824	152.507
   825	152.217
   826	151.975
   827	151.77
   828	151.578
   829	151.364
   830	151.1
   831	150.774
   832	150.392
   833	149.974
   834	149.552
   835	149.158
   836	148.817
   837	148.545
   838	148.339
   839	148.185
   840	148.059
   841	147.933
   842	147.785
   843	147.607
   844	147.407
   845	147.214
   846	147.067
   847	147.003
   848	147.043
   849	147.18
   850	147.375
   851	147.575
   852	147.727
   853	147.796
   854	147.778
   855	147.7
   856	147.61
   857	147.563
   858	147.602
   859	147.744
   860	147.972
   861	148.246
   862	148.519
   863	148.751
   864	148.923
   865	149.038
   866	149.113
   867	149.175
   868	149.249
   869	149.347
   870	149.467
   871	149.587
   872	149.68
   873	149.712
   874	149.659
   875	149.503
   876	149.242
   877	148.891
   878	148.475
   879	148.026
   880	147.576
   881	147.147
   882	146.747
   883	146.371
   884	146.012
   885	145.657
   886	145.303
   887	144.952
   888	144.615
   889	144.31
   890	144.053
   891	143.854
   892	143.716
   893	143.631
   894	143.585
   895	143.563
   896	143.547
   897	143.527
   898	143.491
   899	143.437
   900	143.362
   901	143.275
   902	143.188
   903	143.122
   904	143.103
   905	143.159
   906	143.309
   907	143.552
   908	143.871
   909	144.228
   910	144.582
   911	144.894
   912	145.144
   913	145.334
   914	145.486
   915	145.632
   916	145.807
   917	146.03
   918	146.299
   919	146.585
   920	146.85
   921	147.051
   922	147.159
   923	147.168
   924	147.094
   925	146.973
   926	146.842
   927	146.73
   928	146.646
   929	146.572
   930	146.472
   931	146.301
   932	146.02
   933	145.606
   934	145.06
   935	144.407
   936	143.699
   937	142.998
   938	142.363
   939	141.829
   940	141.396
   941	141.031
   942	140.687
   943	140.322
   944	139.917
   945	139.488
   946	139.074
   947	138.731
   948	138.5
   949	138.395
   950	138.396
   951	138.452
   952	138.499
   953	138.479
   954	138.356
   955	138.121
   956	137.792
   957	137.411
   958	137.03
   959	136.705
   960	136.477
   961	136.37
   962	136.391
   963	136.529
   964	136.766
   965	137.077
   966	137.44
   967	137.831
   968	138.235
   969	138.639
   970	139.038
   971	139.427
   972	139.803
   973	140.163
   974	140.499
   975	140.799
   976	141.044
   977	141.215
   978	141.292
   979	141.261
   980	141.114
   981	140.856
   982	140.497
   983	140.062
   984	139.581
   985	139.089
   986	138.62
   987	138.196
   988	137.821
   989	137.481
   990	137.156
   991	136.824
   992	136.475
   993	136.119
   994	135.785
   995	135.514
   996	135.349
   997	135.319
   998	135.426
   999	135.647
  1000	135.945
  1001	136.277
  1002	136.617
  1003	136.958
  1004	137.31
  1005	137.693
  1006	138.121
  1007	138.592
  1008	139.087
  1009	139.572
  1010	140.006
  1011	140.355
  1012	140.596
  1013	140.726
  1014	140.756
  1015	140.711
  1016	140.623
  1017	140.524
  1018	140.433
  1019	140.353
  1020	140.273
  1021	140.171
  1022	140.028
  1023	139.836
  1024	139.6
  1025	139.343
  1026	139.095
  1027	138.883
  1028	138.727
  1029	138.627
  1030	138.567
  1031	138.514
  1032	138.431
  1033	138.287
  1034	138.068
  1035	137.776
  1036	137.436
  1037	137.082
  1038	136.748
  1039	136.459
  1040	136.221
  1041	136.026
  1042	135.858
  1043	135.703
  1044	135.557
  1045	135.428
  1046	135.336
  1047	135.298
  1048	135.325
  1049	135.419
  1050	135.571
  1051	135.769
  1052	136.007
  1053	136.287
  1054	136.613
  1055	136.995
  1056	137.432
  1057	137.914
  1058	138.423
  1059	138.941
  1060	139.456
  1061	139.967
  1062	140.481
  1063	141.011
  1064	141.565
  1065	142.135
  1066	142.702
  1067	143.231
  1068	143.687
  1069	144.044
  1070	144.288
  1071	144.418
  1072	144.443
  1073	144.374
  1074	144.224
  1075	144.005
  1076	143.724
  1077	143.384
  1078	142.977
  1079	142.488
  1080	141.896
  1081	141.184
  1082	140.348
  1083	139.408
  1084	138.414
  1085	137.436
  1086	136.545
  1087	135.792
  1088	135.192
  1089	134.719
  1090	134.325
  1091	133.957
  1092	133.581
  1093	133.193
  1094	132.823
  1095	132.523
  1096	132.348
  1097	132.339
  1098	132.512
  1099	132.853
  1100	133.324
  1101	133.885
  1102	134.494
  1103	135.117
  1104	135.72
  1105	136.276
  1106	136.764
  1107	137.171
  1108	137.496
  1109	137.745
  1110	137.927
  1111	138.043
  1112	138.086
  1113	138.039
  1114	137.886
  1115	137.617
  1116	137.239
  1117	136.775
  1118	136.263
  1119	135.745
  1120	135.255
  1121	134.817
  1122	134.447
  1123	134.152
  1124	133.942
  1125	133.824
  1126	133.799
  1127	133.861
  1128	133.991
  1129	134.166
  1130	134.361
  1131	134.56
  1132	134.756
  1133	134.958
  1134	135.18
  1135	135.437
  1136	135.733
  1137	136.059
  1138	136.392
  1139	136.703
  1140	136.969
  1141	137.181
  1142	137.35
  1143	137.501
  1144	137.667
  1145	137.871
  1146	138.12
  1147	138.4
  1148	138.681
  1149	138.931
  1150	139.127
  1151	139.261
  1152	139.343
  1153	139.393
  1154	139.443
  1155	139.521
  1156	139.645
  1157	139.816
  1158	140.015
  1159	140.209
  1160	140.36
  1161	140.434
  1162	140.413
  1163	140.302
  1164	140.126
  1165	139.924
  1166	139.733
  1167	139.575
  1168	139.444
  1169	139.315
  1170	139.146
  1171	138.902
  1172	138.563
  1173	138.139
  1174	137.668
  1175	137.209
  1176	136.828
  1177	136.575
  1178	136.471
  1179	136.502
  1180	136.631
  1181	136.806
  1182	136.989
  1183	137.158
  1184	137.312
  1185	137.463
  1186	137.627
  1187	137.808
  1188	137.998
  1189	138.172
  1190	138.301
  1191	138.359
  1192	138.33
  1193	138.21
  1194	138.007
  1195	137.737
  1196	137.419
  1197	137.071
  1198	136.71
  1199	136.353
  1200	136.013
  1201	135.702
  1202	135.429
  1203	135.203
  1204	135.026
  1205	134.895
  1206	134.802
  1207	134.731
  1208	134.663
  1209	134.579
  1210	134.465
  1211	134.317
  1212	134.145
  1213	133.969
  1214	133.82
  1215	133.722
  1216	133.687
  1217	133.705
  1218	133.747
  1219	133.778
  1220	133.766
  1221	133.704
  1222	133.607
  1223	133.517
  1224	133.481
  1225	133.539
  1226	133.705
  1227	133.959
  1228	134.258
  1229	134.546
  1230	134.776
  1231	134.923
  1232	134.991
  1233	135.01
  1234	135.026
  1235	135.086
  1236	135.218
  1237	135.421
  1238	135.663
  1239	135.893
  1240	136.058
  1241	136.124
  1242	136.083
  1243	135.956
  1244	135.782
  1245	135.604
  1246	135.456
  1247	135.347
  1248	135.266
  1249	135.184
  1250	135.071
  1251	134.906
  1252	134.688
  1253	134.435
  1254	134.187
  1255	133.989
  1256	133.885
  1257	133.9
  1258	134.036
  1259	134.273
  1260	134.575
  1261	134.906
  1262	135.243
  1263	135.579
  1264	135.929
  1265	136.312
  1266	136.743
  1267	137.222
  1268	137.731
  1269	138.232
  1270	138.69
  1271	139.077
  1272	139.385
  1273	139.626
  1274	139.825
  1275	140.009
  1276	140.192
  1277	140.375
  1278	140.543
  1279	140.674
  1280	140.754
  1281	140.785
  1282	140.781
  1283	140.764
  1284	140.754
  1285	140.754
  1286	140.754
  1287	140.734
  1288	140.668
  1289	140.54
  1290	140.344
  1291	140.093
  1292	139.813
  1293	139.542
  1294	139.316
  1295	139.167
  1296	139.111
  1297	139.145
  1298	139.252
  1299	139.409
  1300	139.597
  1301	139.81
  1302	140.06
  1303	140.372
  1304	140.777
  1305	141.293
  1306	141.911
  1307	142.596
  1308	143.287
  1309	143.921
  1310	144.44
  1311	144.809
  1312	145.018
  1313	145.076
  1314	145.008
  1315	144.833
  1316	144.557
  1317	144.167
  1318	143.637
  1319	142.935
  1320	142.042
  1321	140.961
  1322	139.717
  1323	138.366
  1324	136.976
  1325	135.62
  1326	134.36
  1327	133.237
  1328	132.268
  1329	131.448
  1330	130.767
  1331	130.222
  1332	129.819
  1333	129.581
  1334	129.54
  1335	129.722
  1336	130.144
  1337	130.796
  1338	131.648
  1339	132.65
  1340	133.744
  1341	134.875
  1342	135.995
  1343	137.069
  1344	138.068
  1345	138.969
  1346	139.754
  1347	140.411
  1348	140.93
  1349	141.307
  1350	141.544
  1351	141.646
  1352	141.623
  1353	141.489
  1354	141.261
  1355	140.955
  1356	140.586
  1357	140.162
  1358	139.692
  1359	139.191
  1360	138.68
  1361	138.196
  1362	137.788
  1363	137.505
  1364	137.385
  1365	137.442
  1366	137.662
  1367	138.005
  1368	138.423
  1369	138.875
  1370	139.335
  1371	139.801
  1372	140.284
  1373	140.803
  1374	141.372
  1375	141.987
  1376	142.627
  1377	143.26
  1378	143.846
  1379	144.349
  1380	144.748
  1381	145.04
  1382	145.237
  1383	145.363
  1384	145.445
  1385	145.504
  1386	145.552
  1387	145.583
  1388	145.585
  1389	145.539
  1390	145.432
  1391	145.268
  1392	145.067
  1393	144.868
  1394	144.72
  1395	144.668
  1396	144.737
  1397	144.93
  1398	145.224
  1399	145.583
  1400	145.973
  1401	146.368
  1402	146.761
  1403	147.154
  1404	147.557
  1405	147.974
  1406	148.401
  1407	148.821
  1408	149.21
  1409	149.539
  1410	149.784
  1411	149.927
  1412	149.96
  1413	149.885
  1414	149.711
  1415	149.453
  1416	149.128
  1417	148.754
  1418	148.345
  1419	147.911
  1420	147.462
  1421	147.006
  1422	146.552
  1423	146.108
  1424	145.679
  1425	145.264
  1426	144.86
  1427	144.459
  1428	144.058
  1429	143.657
  1430	143.259
  1431	142.872
  1432	142.505
  1433	142.168
  1434	141.868
  1435	141.608
  1436	141.391
  1437	141.217
  1438	141.089
  1439	141.015
  1440	141.01
  1441	141.091
  1442	141.276
  1443	141.572
  1444	141.975
  1445	142.462
  1446	143.001
  1447	143.55
  1448	144.075
  1449	144.556
  1450	144.989
  1451	145.387
  1452	145.777
  1453	146.187
  1454	146.646
  1455	147.163
  1456	147.735
  1457	148.339
  1458	148.946
  1459	149.527
  1460	150.067
  1461	150.566
  1462	151.042
  1463	151.523
  1464	152.04
  1465	152.614
  1466	153.251
  1467	153.941
  1468	154.659
  1469	155.377
  1470	156.07
  1471	156.726
  1472	157.339
  1473	157.919
  1474	158.479
  1475	159.041
  1476	159.621
  1477	160.23
  1478	160.869
  1479	161.529
  1480	162.195
  1481	162.853
  1482	163.491
  1483	164.106
  1484	164.698
  1485	165.273
  1486	165.829
  1487	166.361
  1488	166.855
  1489	167.299
  1490	167.681
  1491	167.999
  1492	168.262
  1493	168.483
  1494	168.679
  1495	168.862
  1496	169.036
  1497	169.198
  1498	169.338
  1499	169.442
  1500	169.503
  1501	169.516
  1502	169.486
  1503	169.419
  1504	169.321
  1505	169.193
  1506	169.029
  1507	168.818
  1508	168.551
  1509	168.225
  1510	167.847
  1511	167.428
  1512	166.983
  1513	166.521
  1514	166.044
  1515	165.542
  1516	165.004
  1517	164.42
  1518	163.785
  1519	163.109
  1520	162.408
  1521	161.704
  1522	161.022
  1523	160.384
  1524	159.802
  1525	159.274
  1526	158.788
  1527	158.322
  1528	157.85
  1529	157.353
  1530	156.826
  1531	156.277
  1532	155.731
  1533	155.218
  1534	154.761
  1535	154.372
  1536	154.048
  1537	153.772
  1538	153.524
  1539	153.288
  1540	153.06
  1541	152.849
  1542	152.674
  1543	152.555
  1544	152.506
  1545	152.533
  1546	152.626
  1547	152.764
  1548	152.923
  1549	153.084
  1550	153.237
  1551	153.386
  1552	153.546
  1553	153.736
  1554	153.966
  1555	154.236
  1556	154.525
  1557	154.804
  1558	155.037
  1559	155.199
  1560	155.276
  1561	155.271
  1562	155.194
  1563	155.062
  1564	154.888
  1565	154.677
  1566	154.424
  1567	154.116
  1568	153.734
  1569	153.263
  1570	152.692
  1571	152.025
  1572	151.274
  1573	150.465
  1574	149.626
  1575	148.786
  1576	147.961
  1577	147.164
  1578	146.397
  1579	145.664
  1580	144.974
  1581	144.338
  1582	143.769
  1583	143.279
  1584	142.871
  1585	142.536
  1586	142.252
  1587	141.992
  1588	141.728
  1589	141.439
  1590	141.117
  1591	140.764
  1592	140.391
  1593	140.013
  1594	139.638
  1595	139.268
  1596	138.893
  1597	138.497
  1598	138.07
  1599	137.611
  1600	137.133
  1601	136.662
  1602	136.228
  1603	135.86
  1604	135.57
  1605	135.352
  1606	135.184
  1607	135.033
  1608	134.865
  1609	134.655
  1610	134.391
  1611	134.079
  1612	133.732
  1613	133.368
  1614	132.997
  1615	132.618
  1616	132.216
  1617	131.772
  1618	131.263
  1619	130.682
  1620	130.033
  1621	129.339
  1622	128.63
  1623	127.937
  1624	127.28
  1625	126.663
  1626	126.076
  1627	125.499
  1628	124.912
  1629	124.302
  1630	123.669
  1631	123.031
  1632	122.413
  1633	121.846
  1634	121.351
  1635	120.937
  1636	120.598
  1637	120.315
  1638	120.071
  1639	119.85
  1640	119.654
  1641	119.489
  1642	119.37
  1643	119.304
  1644	119.285
  1645	119.293
  1646	119.294
  1647	119.25
  1648	119.13
  1649	118.919
  1650	118.619
  1651	118.248
  1652	117.834
  1653	117.406
  1654	116.987
  1655	116.587
  1656	116.203
  1657	115.832
  1658	115.472
  1659	115.134
  1660	114.845
  1661	114.64
  1662	114.556
  1663	114.617
  1664	114.826
  1665	115.161
  1666	115.581
  1667	116.032
  1668	116.465
  1669	116.844
  1670	117.151
  1671	117.383
  1672	117.551
  1673	117.665
  1674	117.727
  1675	117.725
  1676	117.633
  1677	117.419
  1678	117.059
  1679	116.542
  1680	115.884
  1681	115.123
  1682	114.315
  1683	113.52
  1684	112.787
  1685	112.147
  1686	111.601
  1687	111.138
  1688	110.739
  1689	110.392
  1690	110.101
  1691	109.889
  1692	109.786
  1693	109.822
  1694	110.012
  1695	110.349
  1696	110.803
  1697	111.328
  1698	111.874
  1699	112.395
  1700	112.859
  1701	113.251
  1702	113.573
  1703	113.832
  1704	114.038
  1705	114.196
  1706	114.301
  1707	114.345
  1708	114.32
  1709	114.228
  1710	114.085
  1711	113.921
  1712	113.774
  1713	113.683
  1714	113.673
  1715	113.75
  1716	113.903
  1717	114.111
  1718	114.351
  1719	114.612
  1720	114.896
  1721	115.213
  1722	115.577
  1723	115.991
  1724	116.444
  1725	116.91
  1726	117.359
  1727	117.76
  1728	118.092
  1729	118.349
  1730	118.543
  1731	118.694
  1732	118.832
  1733	118.979
  1734	119.147
  1735	119.335
  1736	119.528
  1737	119.709
  1738	119.861
  1739	119.982
  1740	120.083
  1741	120.189
  1742	120.331
  1743	120.536
  1744	120.816
  1745	121.162
  1746	121.549
  1747	121.948
  1748	122.332
  1749	122.695
  1750	123.049
  1751	123.424
  1752	123.853
  1753	124.356
  1754	124.932
  1755	125.554
  1756	126.177
  1757	126.751
  1758	127.242
  1759	127.639
  1760	127.956
  1761	128.225
  1762	128.478
  1763	128.741
  1764	129.02
  1765	129.303
  1766	129.572
  1767	129.807
  1768	129.998
  1769	130.146
  1770	130.266
  1771	130.38
  1772	130.507
  1773	130.659
  1774	130.838
  1775	131.028
  1776	131.203
  1777	131.334
  1778	131.394
  1779	131.372
  1780	131.27
  1781	131.109
  1782	130.915
  1783	130.715
  1784	130.522
  1785	130.34
  1786	130.157
  1787	129.965
  1788	129.758
  1789	129.549
  1790	129.364
  1791	129.24
  1792	129.213
  1793	129.308
  1794	129.529
  1795	129.863
  1796	130.285
  1797	130.768
  1798	131.297
  1799	131.868
  1800	132.493
  1801	133.187
  1802	133.96
  1803	134.808
  1804	135.707
  1805	136.618
  1806	137.501
  1807	138.321
  1808	139.056
  1809	139.702
  1810	140.271
  1811	140.789
  1812	141.284
  1813	141.777
  1814	142.272
  1815	142.756
  1816	143.206
  1817	143.594
  1818	143.897
  1819	144.112
  1820	144.247
  1821	144.324
  1822	144.362
  1823	144.376
  1824	144.362
  1825	144.302
  1826	144.17
  1827	143.937
  1828	143.589
  1829	143.123
  1830	142.557
  1831	141.918
  1832	141.241
  1833	140.552
  1834	139.864
  1835	139.176
  1836	138.481
  1837	137.769
  1838	137.041
  1839	136.313
  1840	135.61
  1841	134.969
  1842	134.422
  1843	133.988
  1844	133.666
  1845	133.442
  1846	133.288
  1847	133.183
  1848	133.113
  1849	133.079
  1850	133.094
  1851	133.18
  1852	133.352
  1853	133.615
  1854	133.956
  1855	134.341
  1856	134.731
  1857	135.083
  1858	135.37
  1859	135.577
  1860	135.71
  1861	135.787
  1862	135.828
  1863	135.852
  1864	135.864
  1865	135.86
  1866	135.83
  1867	135.762
  1868	135.651
  1869	135.501
  1870	135.327
  1871	135.147
  1872	134.985
  1873	134.857
  1874	134.771
  1875	134.73
  1876	134.73
  1877	134.764
  1878	134.828
  1879	134.918
  1880	135.037
  1881	135.189
  1882	135.376
  1883	135.592
  1884	135.825
  1885	136.053
  1886	136.25
  1887	136.393
  1888	136.468
  1889	136.474
  1890	136.425
  1891	136.344
  1892	136.258
  1893	136.186
  1894	136.137
  1895	136.108
  1896	136.093
  1897	136.09
  1898	136.109
  1899	136.174
  1900	136.315
  1901	136.56
  1902	136.922
  1903	137.397
  1904	137.957
  1905	138.564
  1906	139.176
  1907	139.763
  1908	140.308
  1909	140.807
  1910	141.264
  1911	141.688
  1912	142.083
  1913	142.445
  1914	142.765
  1915	143.026
  1916	143.21
  1917	143.303
  1918	143.297
  1919	143.196
  1920	143.016
  1921	142.784
  1922	142.526
  1923	142.262
  1924	141.998
  1925	141.731
  1926	141.445
  1927	141.13
  1928	140.785
  1929	140.426
  1930	140.09
  1931	139.817
  1932	139.649
  1933	139.612
  1934	139.709
  1935	139.922
  1936	140.222
  1937	140.577
  1938	140.962
  1939	141.364
  1940	141.775
  1941	142.19
  1942	142.597
  1943	142.978
  1944	143.311
  1945	143.569
  1946	143.732
  1947	143.783
  1948	143.716
  1949	143.536
  1950	143.255
  1951	142.894
  1952	142.481
  1953	142.047
  1954	141.625
  1955	141.241
  1956	140.916
  1957	140.666
  1958	140.504
  1959	140.449
  1960	140.524
  1961	140.751
  1962	141.143
  1963	141.7
  1964	142.402
  1965	143.214
  1966	144.094
  1967	145.004
  1968	145.922
  1969	146.839
  1970	147.755
  1971	148.668
  1972	149.565
  1973	150.417
  1974	151.179
  1975	151.808
  1976	152.266
  1977	152.537
  1978	152.623
  1979	152.541
  1980	152.313
  1981	151.958
  1982	151.489
  1983	150.911
  1984	150.225
  1985	149.432
  1986	148.539
  1987	147.557
  1988	146.513
  1989	145.445
  1990	144.4
  1991	143.432
  1992	142.59
  1993	141.917
  1994	141.436
  1995	141.155
  1996	141.062
  1997	141.134
  1998	141.348
  1999	141.683
  2000	142.122
  2001	142.654
