1 -122.228 123.743
2 -122.025 123.591
3 -121.805 123.383
4 -121.575 123.111
5 -121.346 122.775
6 -121.132 122.383
7 -120.946 121.949
8 -120.798 121.49
9 -120.69 121.022
10 -120.612 120.55
11 -120.548 120.07
12 -120.473 119.565
13 -120.362 119.014
14 -120.195 118.398
15 -119.964 117.709
16 -119.675 116.95
17 -119.349 116.15
18 -119.017 115.352
19 -118.717 114.611
20 -118.482 113.984
21 -118.338 113.52
22 -118.295 113.245
23 -118.352 113.167
24 -118.497 113.272
25 -118.718 113.54
26 -119.003 113.948
27 -119.347 114.483
28 -119.752 115.136
29 -120.219 115.898
30 -120.744 116.752
31 -121.312 117.664
32 -121.896 118.579
33 -122.458 119.433
34 -122.958 120.163
35 -123.362 120.71
36 -123.651 121.037
37 -123.827 121.123
38 -123.91 120.975
39 -123.936 120.615
40 -123.949 120.076
41 -123.987 119.396
42 -124.075 118.608
43 -124.222 117.738
44 -124.418 116.8
45 -124.646 115.801
46 -124.88 114.753
47 -125.096 113.672
48 -125.276 112.587
49 -125.41 111.541
50 -125.497 110.58
51 -125.544 109.748
52 -125.563 109.075
53 -125.567 108.573
54 -125.564 108.235
55 -125.557 108.038
56 -125.543 107.958
57 -125.519 107.971
58 -125.487 108.07
59 -125.458 108.255
60 -125.455 108.54
61 -125.503 108.94
62 -125.63 109.472
63 -125.852 110.141
64 -126.176 110.94
65 -126.593 111.853
66 -127.085 112.857
67 -127.625 113.92
68 -128.184 115.016
69 -128.729 116.119
70 -129.234 117.206
71 -129.676 118.255
72 -130.04 119.248
73 -130.322 120.172
74 -130.525 121.014
75 -130.656 121.764
76 -130.725 122.412
77 -130.738 122.948
78 -130.695 123.361
79 -130.594 123.636
80 -130.432 123.763
81 -130.208 123.735
82 -129.93 123.552
83 -129.608 123.224
84 -129.258 122.768
85 -128.894 122.213
86 -128.526 121.591
87 -128.162 120.941
88 -127.801 120.298
89 -127.436 119.695
90 -127.057 119.154
91 -126.645 118.684
92 -126.18 118.283
93 -125.642 117.941
94 -125.015 117.648
95 -124.298 117.403
96 -123.502 117.219
97 -122.656 117.125
98 -121.798 117.156
99 -120.966 117.346
100 -120.192 117.71
101 -119.495 118.238
102 -118.878 118.896
103 -118.337 119.635
104 -117.865 120.401
105 -117.464 121.151
106 -117.142 121.857
107 -116.914 122.508
108 -116.794 123.103
109 -116.791 123.643
110 -116.899 124.124
111 -117.099 124.529
112 -117.359 124.833
113 -117.643 125.004
114 -117.915 125.009
115 -118.146 124.825
116 -118.321 124.444
117 -118.437 123.878
118 -118.504 123.162
119 -118.539 122.343
120 -118.561 121.481
121 -118.578 120.629
122 -118.587 119.825
123 -118.572 119.087
124 -118.505 118.417
125 -118.362 117.804
126 -118.125 117.242
127 -117.797 116.737
128 -117.395 116.306
129 -116.954 115.974
130 -116.511 115.768
131 -116.097 115.697
132 -115.727 115.756
133 -115.397 115.917
134 -115.088 116.14
135 -114.78 116.379
136 -114.458 116.6
137 -114.118 116.78
138 -113.775 116.916
139 -113.455 117.018
140 -113.19 117.106
141 -113.009 117.203
142 -112.935 117.325
143 -112.975 117.481
144 -113.125 117.67
145 -113.369 117.887
146 -113.685 118.126
147 -114.043 118.382
148 -114.418 118.661
149 -114.79 118.97
150 -115.154 119.321
151 -115.514 119.722
152 -115.887 120.177
153 -116.291 120.675
154 -116.739 121.2
155 -117.232 121.727
156 -117.764 122.23
157 -118.318 122.688
158 -118.881 123.085
159 -119.438 123.413
160 -119.983 123.67
161 -120.513 123.857
162 -121.03 123.976
163 -121.533 124.03
164 -122.023 124.023
165 -122.498 123.961
166 -122.956 123.853
167 -123.395 123.711
168 -123.811 123.548
169 -124.2 123.372
170 -124.555 123.191
171 -124.867 123.007
172 -125.126 122.822
173 -125.326 122.636
174 -125.468 122.455
175 -125.561 122.291
176 -125.619 122.162
177 -125.663 122.092
178 -125.71 122.1
179 -125.769 122.195
180 -125.843 122.373
181 -125.925 122.613
182 -126.006 122.884
183 -126.075 123.148
184 -126.133 123.374
185 -126.183 123.543
186 -126.238 123.647
187 -126.31 123.692
188 -126.404 123.686
189 -126.518 123.636
190 -126.639 123.54
191 -126.746 123.386
192 -126.819 123.153
193 -126.839 122.818
194 -126.797 122.364
195 -126.698 121.785
196 -126.555 121.093
197 -126.39 120.318
198 -126.231 119.505
199 -126.102 118.705
200 -126.024 117.966
201 -126.001 117.322
202 -126.03 116.783
203 -126.092 116.341
204 -126.165 115.976
205 -126.228 115.67
206 -126.264 115.415
207 -126.268 115.219
208 -126.248 115.104
209 -126.217 115.093
210 -126.189 115.203
211 -126.17 115.434
212 -126.152 115.768
213 -126.118 116.171
214 -126.043 116.604
215 -125.905 117.034
216 -125.692 117.439
217 -125.409 117.815
218 -125.075 118.17
219 -124.721 118.524
220 -124.383 118.897
221 -124.093 119.305
222 -123.866 119.753
223 -123.709 120.233
224 -123.612 120.726
225 -123.56 121.211
226 -123.535 121.667
227 -123.525 122.085
228 -123.527 122.465
229 -123.547 122.817
230 -123.594 123.154
231 -123.684 123.49
232 -123.826 123.828
233 -124.024 124.165
234 -124.274 124.488
235 -124.567 124.78
236 -124.888 125.032
237 -125.224 125.24
238 -125.563 125.412
239 -125.9 125.562
240 -126.231 125.705
241 -126.558 125.851
242 -126.883 126
243 -127.209 126.145
244 -127.536 126.277
245 -127.86 126.388
246 -128.175 126.475
247 -128.472 126.542
248 -128.741 126.595
249 -128.972 126.639
250 -129.156 126.672
251 -129.286 126.687
252 -129.362 126.675
253 -129.385 126.627
254 -129.367 126.54
255 -129.328 126.416
256 -129.292 126.267
257 -129.289 126.102
258 -129.344 125.93
259 -129.472 125.749
260 -129.671 125.547
261 -129.925 125.301
262 -130.202 124.986
263 -130.467 124.58
264 -130.692 124.068
265 -130.858 123.449
266 -130.959 122.74
267 -130.996 121.968
268 -130.971 121.169
269 -130.884 120.375
270 -130.727 119.61
271 -130.494 118.885
272 -130.182 118.199
273 -129.796 117.541
274 -129.353 116.902
275 -128.88 116.283
276 -128.411 115.706
277 -127.98 115.208
278 -127.618 114.839
279 -127.349 114.643
280 -127.185 114.648
281 -127.135 114.856
282 -127.196 115.238
283 -127.358 115.742
284 -127.606 116.311
285 -127.926 116.894
286 -128.308 117.46
287 -128.749 117.997
288 -129.253 118.506
289 -129.829 118.997
290 -130.477 119.47
291 -131.188 119.918
292 -131.934 120.324
293 -132.679 120.663
294 -133.383 120.911
295 -134.012 121.055
296 -134.543 121.094
297 -134.967 121.039
298 -135.285 120.918
299 -135.502 120.762
300 -135.622 120.605
301 -135.646 120.474
302 -135.567 120.382
303 -135.369 120.328
304 -135.036 120.302
305 -134.549 120.287
306 -133.894 120.273
307 -133.073 120.26
308 -132.097 120.262
309 -131 120.301
310 -129.822 120.405
311 -128.609 120.594
312 -127.405 120.877
313 -126.24 121.25
314 -125.137 121.698
315 -124.109 122.203
316 -123.166 122.753
317 -122.318 123.342
318 -121.577 123.976
319 -120.954 124.661
320 -120.456 125.394
321 -120.084 126.161
322 -119.829 126.93
323 -119.677 127.659
324 -119.608 128.301
325 -119.599 128.817
326 -119.627 129.18
327 -119.671 129.376
328 -119.716 129.405
329 -119.751 129.276
330 -119.771 128.999
331 -119.773 128.582
332 -119.76 128.031
333 -119.733 127.35
334 -119.698 126.549
335 -119.662 125.642
336 -119.633 124.657
337 -119.625 123.635
338 -119.651 122.621
339 -119.719 121.665
340 -119.827 120.804
341 -119.961 120.055
342 -120.092 119.414
343 -120.187 118.864
344 -120.213 118.385
345 -120.147 117.959
346 -119.98 117.584
347 -119.718 117.27
348 -119.377 117.036
349 -118.979 116.898
350 -118.538 116.864
351 -118.065 116.923
352 -117.558 117.05
353 -117.013 117.212
354 -116.431 117.374
355 -115.826 117.514
356 -115.225 117.629
357 -114.669 117.733
358 -114.207 117.849
359 -113.879 118.005
360 -113.714 118.214
361 -113.716 118.469
362 -113.871 118.743
363 -114.148 118.993
364 -114.515 119.174
365 -114.939 119.249
366 -115.399 119.198
367 -115.883 119.023
368 -116.384 118.746
369 -116.899 118.404
370 -117.421 118.031
371 -117.946 117.66
372 -118.466 117.303
373 -118.969 116.962
374 -119.441 116.632
375 -119.87 116.308
376 -120.248 116
377 -120.576 115.736
378 -120.87 115.563
379 -121.155 115.538
380 -121.461 115.709
381 -121.81 116.098
382 -122.2 116.697
383 -122.612 117.465
384 -123.006 118.345
385 -123.337 119.276
386 -123.566 120.21
387 -123.671 121.115
388 -123.647 121.976
389 -123.503 122.786
390 -123.257 123.544
391 -122.927 124.246
392 -122.525 124.884
393 -122.061 125.445
394 -121.543 125.916
395 -120.984 126.28
396 -120.406 126.525
397 -119.836 126.642
398 -119.299 126.626
399 -118.818 126.479
400 -118.402 126.206
401 -118.057 125.813
402 -117.778 125.307
403 -117.564 124.698
404 -117.412 123.994
405 -117.318 123.213
406 -117.277 122.372
407 -117.275 121.498
408 -117.289 120.622
409 -117.294 119.77
410 -117.268 118.964
411 -117.203 118.213
412 -117.106 117.518
413 -117 116.874
414 -116.918 116.285
415 -116.893 115.759
416 -116.958 115.32
417 -117.134 114.999
418 -117.434 114.827
419 -117.857 114.825
420 -118.392 114.991
421 -119.011 115.298
422 -119.68 115.704
423 -120.36 116.16
424 -121.019 116.623
425 -121.63 117.07
426 -122.18 117.495
427 -122.672 117.91
428 -123.114 118.336
429 -123.517 118.791
430 -123.885 119.284
431 -124.209 119.807
432 -124.466 120.343
433 -124.633 120.865
434 -124.694 121.35
435 -124.653 121.791
436 -124.534 122.195
437 -124.377 122.585
438 -124.224 122.988
439 -124.109 123.424
440 -124.045 123.893
441 -124.024 124.372
442 -124.024 124.821
443 -124.013 125.191
444 -123.963 125.444
445 -123.846 125.555
446 -123.644 125.523
447 -123.346 125.374
448 -122.947 125.149
449 -122.454 124.899
450 -121.884 124.668
451 -121.264 124.482
452 -120.627 124.348
453 -120.003 124.249
454 -119.414 124.164
455 -118.876 124.075
456 -118.407 123.987
457 -118.029 123.925
458 -117.768 123.93
459 -117.654 124.044
460 -117.705 124.292
461 -117.918 124.668
462 -118.265 125.134
463 -118.699 125.631
464 -119.163 126.097
465 -119.61 126.483
466 -120.006 126.76
467 -120.339 126.926
468 -120.616 126.994
469 -120.854 126.991
470 -121.069 126.942
471 -121.269 126.862
472 -121.447 126.757
473 -121.585 126.616
474 -121.664 126.425
475 -121.672 126.165
476 -121.607 125.822
477 -121.481 125.393
478 -121.32 124.89
479 -121.153 124.333
480 -121.013 123.753
481 -120.919 123.178
482 -120.882 122.63
483 -120.894 122.116
484 -120.937 121.633
485 -120.986 121.173
486 -121.015 120.732
487 -121.002 120.315
488 -120.932 119.945
489 -120.801 119.649
490 -120.618 119.459
491 -120.399 119.394
492 -120.167 119.46
493 -119.95 119.646
494 -119.771 119.936
495 -119.649 120.307
496 -119.595 120.745
497 -119.616 121.24
498 -119.714 121.784
499 -119.884 122.365
500 -120.119 122.963
501 -120.406 123.547
502 -120.731 124.082
503 -121.077 124.533
504 -121.435 124.872
505 -121.797 125.084
506 -122.163 125.17
507 -122.54 125.139
508 -122.936 125.011
509 -123.357 124.806
510 -123.802 124.542
511 -124.261 124.234
512 -124.718 123.892
513 -125.156 123.528
514 -125.563 123.159
515 -125.937 122.809
516 -126.286 122.51
517 -126.623 122.294
518 -126.961 122.191
519 -127.306 122.217
520 -127.654 122.367
521 -127.987 122.613
522 -128.276 122.915
523 -128.491 123.226
524 -128.601 123.506
525 -128.591 123.735
526 -128.459 123.914
527 -128.222 124.064
528 -127.91 124.217
529 -127.56 124.404
530 -127.211 124.641
531 -126.89 124.929
532 -126.614 125.245
533 -126.393 125.557
534 -126.236 125.834
535 -126.156 126.051
536 -126.172 126.203
537 -126.31 126.296
538 -126.588 126.345
539 -127.013 126.361
540 -127.572 126.343
541 -128.233 126.276
542 -128.954 126.131
543 -129.69 125.873
544 -130.404 125.47
545 -131.069 124.902
546 -131.668 124.168
547 -132.195 123.285
548 -132.647 122.288
549 -133.025 121.223
550 -133.327 120.138
551 -133.547 119.069
552 -133.674 118.04
553 -133.696 117.056
554 -133.6 116.113
555 -133.377 115.203
556 -133.03 114.329
557 -132.577 113.509
558 -132.05 112.777
559 -131.49 112.172
560 -130.941 111.731
561 -130.435 111.476
562 -129.987 111.408
563 -129.593 111.505
564 -129.24 111.732
565 -128.912 112.055
566 -128.596 112.444
567 -128.288 112.887
568 -127.995 113.38
569 -127.732 113.929
570 -127.517 114.538
571 -127.369 115.203
572 -127.303 115.907
573 -127.332 116.625
574 -127.461 117.329
575 -127.691 117.991
576 -128.014 118.589
577 -128.411 119.114
578 -128.857 119.564
579 -129.317 119.945
580 -129.759 120.265
581 -130.15 120.529
582 -130.467 120.738
583 -130.692 120.888
584 -130.812 120.978
585 -130.82 121.01
586 -130.715 120.998
587 -130.493 120.969
588 -130.155 120.955
589 -129.706 120.992
590 -129.159 121.105
591 -128.534 121.309
592 -127.86 121.608
593 -127.172 121.997
594 -126.507 122.474
595 -125.9 123.041
596 -125.382 123.71
597 -124.983 124.496
598 -124.724 125.407
599 -124.611 126.43
600 -124.629 127.532
601 -124.738 128.657
602 -124.884 129.739
603 -125.014 130.713
604 -125.085 131.534
605 -125.078 132.175
606 -125.002 132.633
607 -124.885 132.926
608 -124.771 133.081
609 -124.698 133.125
610 -124.694 133.078
611 -124.764 132.942
612 -124.893 132.709
613 -125.06 132.363
614 -125.246 131.887
615 -125.439 131.281
616 -125.642 130.557
617 -125.858 129.748
618 -126.091 128.895
619 -126.338 128.037
620 -126.585 127.206
621 -126.812 126.416
622 -126.996 125.661
623 -127.113 124.922
624 -127.144 124.177
625 -127.072 123.414
626 -126.89 122.639
627 -126.602 121.88
628 -126.218 121.182
629 -125.759 120.59
630 -125.251 120.147
631 -124.72 119.871
632 -124.191 119.759
633 -123.68 119.788
634 -123.198 119.928
635 -122.755 120.155
636 -122.361 120.458
637 -122.032 120.841
638 -121.787 121.318
639 -121.645 121.9
640 -121.611 122.59
641 -121.677 123.371
642 -121.818 124.208
643 -122 125.056
644 -122.187 125.875
645 -122.347 126.632
646 -122.46 127.314
647 -122.514 127.927
648 -122.512 128.495
649 -122.458 129.05
650 -122.364 129.615
651 -122.236 130.195
652 -122.081 130.78
653 -121.896 131.335
654 -121.676 131.821
655 -121.415 132.201
656 -121.107 132.453
657 -120.75 132.571
658 -120.343 132.564
659 -119.893 132.45
660 -119.405 132.248
661 -118.885 131.969
662 -118.333 131.616
663 -117.744 131.183
664 -117.109 130.663
665 -116.413 130.056
666 -115.647 129.375
667 -114.808 128.646
668 -113.907 127.915
669 -112.966 127.233
670 -112.022 126.651
671 -111.117 126.206
672 -110.292 125.92
673 -109.574 125.795
674 -108.972 125.817
675 -108.488 125.969
676 -108.122 126.237
677 -107.876 126.615
678 -107.752 127.105
679 -107.75 127.706
680 -107.861 128.411
681 -108.066 129.195
682 -108.334 130.021
683 -108.63 130.838
684 -108.925 131.599
685 -109.199 132.271
686 -109.446 132.84
687 -109.665 133.311
688 -109.857 133.708
689 -110.02 134.056
690 -110.142 134.376
691 -110.211 134.671
692 -110.218 134.925
693 -110.16 135.112
694 -110.042 135.198
695 -109.872 135.156
696 -109.661 134.976
697 -109.42 134.66
698 -109.158 134.225
699 -108.887 133.697
700 -108.615 133.098
701 -108.352 132.444
702 -108.101 131.737
703 -107.861 130.974
704 -107.625 130.149
705 -107.387 129.267
706 -107.149 128.348
707 -106.924 127.432
708 -106.743 126.579
709 -106.64 125.853
710 -106.647 125.31
711 -106.774 124.981
712 -107.01 124.868
713 -107.323 124.948
714 -107.673 125.184
715 -108.025 125.537
716 -108.358 125.98
717 -108.666 126.499
718 -108.954 127.093
719 -109.232 127.765
720 -109.507 128.511
721 -109.782 129.318
722 -110.05 130.158
723 -110.3 130.994
724 -110.519 131.789
725 -110.694 132.513
726 -110.811 133.151
727 -110.862 133.705
728 -110.838 134.193
729 -110.734 134.641
730 -110.548 135.076
731 -110.281 135.518
732 -109.941 135.972
733 -109.542 136.427
734 -109.098 136.862
735 -108.624 137.253
736 -108.135 137.586
737 -107.643 137.858
738 -107.163 138.079
739 -106.712 138.262
740 -106.302 138.418
741 -105.942 138.55
742 -105.633 138.644
743 -105.368 138.677
744 -105.136 138.624
745 -104.923 138.466
746 -104.717 138.199
747 -104.516 137.837
748 -104.323 137.41
749 -104.146 136.95
750 -103.997 136.491
751 -103.881 136.055
752 -103.792 135.65
753 -103.718 135.267
754 -103.636 134.889
755 -103.528 134.5
756 -103.382 134.095
757 -103.2 133.683
758 -102.99 133.286
759 -102.771 132.935
760 -102.561 132.658
761 -102.372 132.473
762 -102.209 132.384
763 -102.073 132.382
764 -101.959 132.452
765 -101.865 132.584
766 -101.793 132.776
767 -101.749 133.039
768 -101.74 133.389
769 -101.773 133.837
770 -101.85 134.382
771 -101.966 135.007
772 -102.109 135.672
773 -102.259 136.33
774 -102.397 136.931
775 -102.504 137.432
776 -102.566 137.808
777 -102.575 138.049
778 -102.53 138.156
779 -102.43 138.136
780 -102.274 137.995
781 -102.059 137.731
782 -101.78 137.333
783 -101.437 136.785
784 -101.035 136.078
785 -100.593 135.21
786 -100.143 134.203
787 -99.7314 133.094
788 -99.4072 131.941
789 -99.2177 130.804
790 -99.1932 129.739
791 -99.3403 128.78
792 -99.642 127.941
793 -100.065 127.214
794 -100.572 126.583
795 -101.131 126.033
796 -101.726 125.561
797 -102.352 125.179
798 -103.013 124.912
799 -103.711 124.785
800 -104.442 124.812
801 -105.193 124.982
802 -105.937 125.263
803 -106.644 125.606
804 -107.285 125.96
805 -107.845 126.285
806 -108.325 126.569
807 -108.745 126.822
808 -109.137 127.078
809 -109.531 127.372
810 -109.951 127.736
811 -110.405 128.175
812 -110.883 128.671
813 -111.364 129.182
814 -111.822 129.659
815 -112.235 130.058
816 -112.592 130.351
817 -112.889 130.533
818 -113.134 130.621
819 -113.344 130.641
820 -113.536 130.623
821 -113.728 130.591
822 -113.927 130.552
823 -114.135 130.5
824 -114.345 130.423
825 -114.542 130.305
826 -114.717 130.144
827 -114.863 129.948
828 -114.983 129.742
829 -115.09 129.558
830 -115.198 129.431
831 -115.317 129.384
832 -115.452 129.423
833 -115.595 129.539
834 -115.736 129.713
835 -115.862 129.921
836 -115.961 130.146
837 -116.022 130.382
838 -116.04 130.634
839 -116.011 130.913
840 -115.939 131.229
841 -115.83 131.585
842 -115.699 131.975
843 -115.56 132.389
844 -115.433 132.813
845 -115.334 133.241
846 -115.28 133.679
847 -115.291 134.14
848 -115.384 134.644
849 -115.577 135.212
850 -115.882 135.855
851 -116.294 136.567
852 -116.792 137.326
853 -117.338 138.097
854 -117.887 138.84
855 -118.397 139.519
856 -118.838 140.111
857 -119.191 140.606
858 -119.455 141.009
859 -119.633 141.332
860 -119.731 141.589
861 -119.758 141.788
862 -119.72 141.927
863 -119.625 141.999
864 -119.486 141.992
865 -119.319 141.9
866 -119.146 141.727
867 -118.992 141.491
868 -118.882 141.221
869 -118.838 140.952
870 -118.873 140.712
871 -118.99 140.514
872 -119.179 140.356
873 -119.424 140.219
874 -119.7 140.077
875 -119.984 139.907
876 -120.259 139.697
877 -120.516 139.451
878 -120.756 139.182
879 -120.987 138.913
880 -121.218 138.663
881 -121.454 138.442
882 -121.691 138.25
883 -121.922 138.078
884 -122.135 137.917
885 -122.323 137.763
886 -122.49 137.623
887 -122.645 137.519
888 -122.805 137.477
889 -122.988 137.526
890 -123.208 137.686
891 -123.467 137.961
892 -123.756 138.338
893 -124.054 138.788
894 -124.336 139.271
895 -124.574 139.749
896 -124.75 140.192
897 -124.853 140.58
898 -124.883 140.906
899 -124.847 141.169
900 -124.753 141.371
901 -124.609 141.511
902 -124.422 141.58
903 -124.192 141.565
904 -123.923 141.452
905 -123.626 141.233
906 -123.32 140.914
907 -123.04 140.52
908 -122.827 140.089
909 -122.724 139.666
910 -122.764 139.291
911 -122.96 138.992
912 -123.306 138.775
913 -123.773 138.626
914 -124.325 138.521
915 -124.92 138.433
916 -125.519 138.341
917 -126.09 138.234
918 -126.609 138.112
919 -127.057 137.982
920 -127.426 137.85
921 -127.716 137.721
922 -127.929 137.592
923 -128.069 137.454
924 -128.143 137.294
925 -128.155 137.097
926 -128.117 136.857
927 -128.043 136.572
928 -127.954 136.25
929 -127.875 135.906
930 -127.825 135.556
931 -127.813 135.209
932 -127.836 134.868
933 -127.878 134.527
934 -127.919 134.17
935 -127.939 133.782
936 -127.924 133.352
937 -127.866 132.875
938 -127.763 132.354
939 -127.616 131.796
940 -127.427 131.211
941 -127.201 130.601
942 -126.942 129.966
943 -126.659 129.301
944 -126.358 128.601
945 -126.054 127.868
946 -125.76 127.11
947 -125.491 126.343
948 -125.262 125.59
949 -125.082 124.873
950 -124.956 124.207
951 -124.883 123.599
952 -124.856 123.043
953 -124.864 122.524
954 -124.897 122.023
955 -124.945 121.522
956 -125.004 121.012
957 -125.075 120.494
958 -125.163 119.983
959 -125.274 119.502
960 -125.413 119.074
961 -125.586 118.717
962 -125.796 118.439
963 -126.044 118.239
964 -126.331 118.108
965 -126.662 118.042
966 -127.038 118.043
967 -127.462 118.122
968 -127.933 118.297
969 -128.447 118.587
970 -128.987 118.998
971 -129.529 119.517
972 -130.038 120.111
973 -130.479 120.728
974 -130.816 121.315
975 -131.018 121.821
976 -131.065 122.216
977 -130.95 122.485
978 -130.673 122.635
979 -130.247 122.68
980 -129.688 122.64
981 -129.017 122.528
982 -128.252 122.35
983 -127.41 122.104
984 -126.505 121.786
985 -125.546 121.401
986 -124.546 120.963
987 -123.523 120.502
988 -122.508 120.058
989 -121.539 119.677
990 -120.669 119.403
991 -119.949 119.266
992 -119.419 119.278
993 -119.095 119.426
994 -118.964 119.674
995 -118.986 119.974
996 -119.109 120.271
997 -119.279 120.525
998 -119.451 120.71
999 -119.594 120.82
1000 -119.695 120.867
1001 -119.755 120.871
1002 -119.785 120.85
1003 -119.8 120.817
1004 -119.818 120.776
1005 -119.854 120.728
1006 -119.916 120.671
1007 -120.008 120.613
1008 -120.125 120.566
1009 -120.263 120.55
1010 -120.417 120.579
1011 -120.584 120.667
1012 -120.766 120.813
1013 -120.967 121.007
1014 -121.186 121.229
1015 -121.416 121.46
1016 -121.647 121.678
1017 -121.862 121.868
1018 -122.049 122.021
1019 -122.196 122.131
1020 -122.299 122.196
1021 -122.36 122.215
1022 -122.387 122.186
1023 -122.393 122.111
1024 -122.399 121.997
1025 -122.427 121.855
1026 -122.503 121.704
1027 -122.646 121.565
1028 -122.869 121.457
1029 -123.171 121.395
1030 -123.538 121.379
1031 -123.943 121.402
1032 -124.36 121.445
1033 -124.765 121.489
1034 -125.141 121.518
1035 -125.485 121.524
1036 -125.796 121.513
1037 -126.082 121.498
1038 -126.344 121.498
1039 -126.583 121.531
1040 -126.793 121.611
1041 -126.965 121.744
1042 -127.091 121.928
1043 -127.167 122.154
1044 -127.196 122.413
1045 -127.189 122.7
1046 -127.166 123.016
1047 -127.151 123.372
1048 -127.171 123.783
1049 -127.246 124.259
1050 -127.387 124.8
1051 -127.592 125.387
1052 -127.845 125.984
1053 -128.121 126.541
1054 -128.393 127.006
1055 -128.631 127.336
1056 -128.82 127.505
1057 -128.95 127.504
1058 -129.028 127.343
1059 -129.071 127.047
1060 -129.101 126.645
1061 -129.14 126.165
1062 -129.206 125.634
1063 -129.308 125.071
1064 -129.449 124.496
1065 -129.621 123.933
1066 -129.816 123.41
1067 -130.023 122.968
1068 -130.236 122.65
1069 -130.451 122.496
1070 -130.667 122.537
1071 -130.885 122.78
1072 -131.103 123.207
1073 -131.318 123.777
1074 -131.518 124.433
1075 -131.689 125.116
1076 -131.811 125.777
1077 -131.867 126.379
1078 -131.846 126.903
1079 -131.745 127.343
1080 -131.568 127.698
1081 -131.322 127.974
1082 -131.02 128.172
1083 -130.669 128.295
1084 -130.274 128.343
1085 -129.832 128.319
1086 -129.334 128.229
1087 -128.771 128.08
1088 -128.137 127.882
1089 -127.433 127.647
1090 -126.67 127.386
1091 -125.864 127.106
1092 -125.032 126.815
1093 -124.189 126.514
1094 -123.347 126.201
1095 -122.512 125.871
1096 -121.682 125.519
1097 -120.856 125.141
1098 -120.034 124.737
1099 -119.222 124.311
1100 -118.434 123.875
1101 -117.69 123.441
1102 -117.02 123.024
1103 -116.462 122.642
1104 -116.054 122.311
1105 -115.828 122.047
1106 -115.803 121.863
1107 -115.978 121.769
1108 -116.329 121.77
1109 -116.816 121.859
1110 -117.388 122.022
1111 -117.996 122.236
1112 -118.597 122.473
1113 -119.164 122.706
1114 -119.681 122.916
1115 -120.145 123.094
1116 -120.557 123.241
1117 -120.922 123.363
1118 -121.243 123.469
1119 -121.52 123.562
1120 -121.75 123.638
1121 -121.926 123.682
1122 -122.043 123.674
1123 -122.098 123.597
1124 -122.099 123.441
1125 -122.06 123.211
1126 -122.006 122.929
1127 -121.967 122.623
1128 -121.969 122.33
1129 -122.028 122.078
1130 -122.146 121.88
1131 -122.306 121.733
1132 -122.477 121.616
1133 -122.623 121.503
1134 -122.708 121.365
1135 -122.708 121.187
1136 -122.608 120.968
1137 -122.41 120.727
1138 -122.128 120.494
1139 -121.785 120.306
1140 -121.414 120.202
1141 -121.047 120.206
1142 -120.713 120.334
1143 -120.437 120.582
1144 -120.24 120.941
1145 -120.137 121.394
1146 -120.145 121.93
1147 -120.278 122.541
1148 -120.552 123.228
1149 -120.978 123.988
1150 -121.556 124.819
1151 -122.269 125.705
1152 -123.084 126.615
1153 -123.953 127.509
1154 -124.824 128.34
1155 -125.643 129.062
1156 -126.364 129.638
1157 -126.955 130.045
1158 -127.401 130.273
1159 -127.701 130.328
1160 -127.87 130.225
1161 -127.933 129.987
1162 -127.922 129.64
1163 -127.869 129.213
1164 -127.8 128.73
1165 -127.732 128.22
1166 -127.67 127.705
1167 -127.609 127.207
1168 -127.535 126.742
1169 -127.435 126.318
1170 -127.297 125.938
1171 -127.117 125.604
1172 -126.9 125.311
1173 -126.654 125.056
1174 -126.388 124.831
1175 -126.104 124.632
1176 -125.803 124.453
1177 -125.475 124.284
1178 -125.108 124.115
1179 -124.693 123.934
1180 -124.224 123.729
1181 -123.706 123.495
1182 -123.154 123.235
1183 -122.592 122.964
1184 -122.055 122.706
1185 -121.576 122.491
1186 -121.187 122.352
1187 -120.907 122.313
1188 -120.737 122.387
1189 -120.662 122.571
1190 -120.651 122.85
1191 -120.664 123.196
1192 -120.663 123.579
1193 -120.613 123.973
1194 -120.493 124.361
1195 -120.291 124.737
1196 -120.007 125.108
1197 -119.645 125.483
1198 -119.208 125.868
1199 -118.703 126.26
1200 -118.13 126.642
1201 -117.491 126.988
1202 -116.792 127.265
1203 -116.045 127.449
1204 -115.275 127.534
1205 -114.519 127.531
1206 -113.828 127.475
1207 -113.259 127.409
1208 -112.864 127.377
1209 -112.682 127.41
1210 -112.724 127.52
1211 -112.969 127.699
1212 -113.371 127.926
1213 -113.867 128.173
1214 -114.388 128.412
1215 -114.875 128.625
1216 -115.288 128.807
1217 -115.608 128.963
1218 -115.84 129.113
1219 -116.001 129.282
1220 -116.119 129.495
1221 -116.223 129.773
1222 -116.337 130.122
1223 -116.481 130.535
1224 -116.666 130.992
1225 -116.902 131.468
1226 -117.197 131.943
1227 -117.558 132.4
1228 -117.989 132.835
1229 -118.492 133.248
1230 -119.061 133.636
1231 -119.687 133.993
1232 -120.352 134.306
1233 -121.033 134.555
1234 -121.705 134.721
1235 -122.341 134.786
1236 -122.92 134.737
1237 -123.425 134.566
1238 -123.852 134.271
1239 -124.208 133.855
1240 -124.512 133.328
1241 -124.796 132.707
1242 -125.097 132.013
1243 -125.454 131.279
1244 -125.898 130.544
1245 -126.451 129.844
1246 -127.116 129.209
1247 -127.881 128.662
1248 -128.717 128.213
1249 -129.584 127.865
1250 -130.443 127.615
1251 -131.257 127.458
1252 -132 127.389
1253 -132.656 127.402
1254 -133.212 127.49
1255 -133.661 127.647
1256 -133.997 127.863
1257 -134.217 128.128
1258 -134.316 128.433
1259 -134.294 128.77
1260 -134.157 129.137
1261 -133.92 129.536
1262 -133.602 129.975
1263 -133.229 130.466
1264 -132.831 131.017
1265 -132.434 131.635
1266 -132.056 132.316
1267 -131.709 133.048
1268 -131.394 133.805
1269 -131.11 134.553
1270 -130.848 135.257
1271 -130.601 135.883
1272 -130.365 136.404
1273 -130.138 136.806
1274 -129.926 137.086
1275 -129.732 137.253
1276 -129.557 137.323
1277 -129.4 137.315
1278 -129.254 137.239
1279 -129.107 137.099
1280 -128.945 136.891
1281 -128.752 136.61
1282 -128.518 136.26
1283 -128.233 135.858
1284 -127.9 135.435
1285 -127.523 135.039
1286 -127.118 134.716
1287 -126.699 134.507
1288 -126.277 134.437
1289 -125.854 134.506
1290 -125.416 134.698
1291 -124.944 134.982
1292 -124.411 135.321
1293 -123.795 135.681
1294 -123.079 136.036
1295 -122.265 136.373
1296 -121.365 136.688
1297 -120.403 136.987
1298 -119.411 137.277
1299 -118.42 137.567
1300 -117.464 137.856
1301 -116.575 138.134
1302 -115.779 138.382
1303 -115.101 138.576
1304 -114.563 138.697
1305 -114.183 138.731
1306 -113.972 138.675
1307 -113.931 138.535
1308 -114.053 138.32
1309 -114.318 138.038
1310 -114.695 137.695
1311 -115.147 137.291
1312 -115.632 136.825
1313 -116.105 136.296
1314 -116.53 135.703
1315 -116.873 135.047
1316 -117.111 134.335
1317 -117.233 133.575
1318 -117.244 132.78
1319 -117.162 131.969
1320 -117.02 131.169
1321 -116.86 130.413
1322 -116.728 129.738
1323 -116.664 129.18
1324 -116.698 128.765
1325 -116.841 128.503
1326 -117.084 128.387
1327 -117.402 128.392
1328 -117.759 128.482
1329 -118.118 128.618
1330 -118.444 128.761
1331 -118.712 128.877
1332 -118.908 128.942
1333 -119.025 128.94
1334 -119.065 128.865
1335 -119.036 128.715
1336 -118.944 128.498
1337 -118.798 128.218
1338 -118.603 127.884
1339 -118.366 127.504
1340 -118.094 127.093
1341 -117.797 126.672
1342 -117.496 126.277
1343 -117.218 125.957
1344 -116.998 125.769
1345 -116.87 125.771
1346 -116.862 126.007
1347 -116.987 126.498
1348 -117.233 127.234
1349 -117.568 128.176
1350 -117.944 129.265
1351 -118.311 130.439
1352 -118.624 131.639
1353 -118.853 132.823
1354 -118.986 133.964
1355 -119.026 135.047
1356 -118.985 136.065
1357 -118.885 137.013
1358 -118.747 137.878
1359 -118.589 138.636
1360 -118.428 139.259
1361 -118.273 139.719
1362 -118.137 139.989
1363 -118.031 140.059
1364 -117.965 139.934
1365 -117.956 139.636
1366 -118.018 139.202
1367 -118.159 138.677
1368 -118.384 138.102
1369 -118.684 137.503
1370 -119.037 136.897
1371 -119.41 136.284
1372 -119.763 135.655
1373 -120.058 135.001
1374 -120.265 134.315
1375 -120.37 133.604
1376 -120.375 132.882
1377 -120.297 132.175
1378 -120.165 131.511
1379 -120.013 130.917
1380 -119.875 130.412
1381 -119.78 130.004
1382 -119.75 129.692
1383 -119.802 129.466
1384 -119.947 129.312
1385 -120.193 129.217
1386 -120.544 129.169
1387 -120.994 129.162
1388 -121.533 129.188
1389 -122.14 129.242
1390 -122.79 129.315
1391 -123.453 129.394
1392 -124.099 129.465
1393 -124.704 129.515
1394 -125.248 129.531
1395 -125.718 129.508
1396 -126.109 129.443
1397 -126.425 129.342
1398 -126.678 129.213
1399 -126.888 129.07
1400 -127.075 128.927
1401 -127.264 128.799
1402 -127.471 128.697
1403 -127.704 128.631
1404 -127.961 128.603
1405 -128.233 128.608
1406 -128.501 128.634
1407 -128.745 128.661
1408 -128.947 128.668
1409 -129.093 128.631
1410 -129.175 128.534
1411 -129.189 128.368
1412 -129.134 128.133
1413 -129.013 127.836
1414 -128.83 127.491
1415 -128.589 127.113
1416 -128.296 126.716
1417 -127.952 126.31
1418 -127.563 125.902
1419 -127.138 125.5
1420 -126.691 125.115
1421 -126.244 124.766
1422 -125.835 124.482
1423 -125.512 124.299
1424 -125.332 124.256
1425 -125.351 124.384
1426 -125.608 124.698
1427 -126.113 125.189
1428 -126.842 125.824
1429 -127.74 126.55
1430 -128.739 127.307
1431 -129.77 128.041
1432 -130.78 128.712
1433 -131.737 129.301
1434 -132.629 129.808
1435 -133.457 130.25
1436 -134.227 130.652
1437 -134.942 131.035
1438 -135.601 131.411
1439 -136.192 131.782
1440 -136.698 132.135
1441 -137.095 132.457
1442 -137.363 132.734
1443 -137.482 132.96
1444 -137.443 133.14
1445 -137.248 133.287
1446 -136.914 133.418
1447 -136.472 133.55
1448 -135.956 133.689
1449 -135.402 133.827
1450 -134.834 133.945
1451 -134.264 134.015
1452 -133.696 134.003
1453 -133.126 133.879
1454 -132.551 133.621
1455 -131.979 133.22
1456 -131.43 132.681
1457 -130.937 132.024
1458 -130.545 131.281
1459 -130.305 130.491
1460 -130.265 129.695
1461 -130.462 128.928
1462 -130.915 128.214
1463 -131.621 127.567
1464 -132.549 126.989
1465 -133.648 126.471
1466 -134.853 126.002
1467 -136.098 125.575
1468 -137.319 125.184
1469 -138.468 124.832
1470 -139.515 124.525
1471 -140.444 124.271
1472 -141.249 124.077
1473 -141.925 123.943
1474 -142.467 123.864
1475 -142.866 123.827
1476 -143.119 123.819
1477 -143.225 123.824
1478 -143.192 123.833
1479 -143.04 123.847
1480 -142.797 123.875
1481 -142.496 123.94
1482 -142.171 124.067
1483 -141.848 124.28
1484 -141.543 124.592
1485 -141.258 125
1486 -140.984 125.48
1487 -140.706 125.994
1488 -140.409 126.498
1489 -140.082 126.952
1490 -139.722 127.328
1491 -139.336 127.614
1492 -138.938 127.813
1493 -138.546 127.937
1494 -138.178 128.002
1495 -137.851 128.015
1496 -137.572 127.973
1497 -137.343 127.861
1498 -137.16 127.659
1499 -137.014 127.349
1500 -136.901 126.929
1501 -136.821 126.414
1502 -136.778 125.842
1503 -136.784 125.269
1504 -136.848 124.758
1505 -136.977 124.366
1506 -137.165 124.131
1507 -137.391 124.063
1508 -137.625 124.146
1509 -137.822 124.341
1510 -137.94 124.603
1511 -137.935 124.89
1512 -137.775 125.176
1513 -137.441 125.456
1514 -136.928 125.739
1515 -136.246 126.044
1516 -135.418 126.389
1517 -134.476 126.779
1518 -133.453 127.202
1519 -132.381 127.629
1520 -131.283 128.018
1521 -130.176 128.327
1522 -129.075 128.523
1523 -127.994 128.591
1524 -126.952 128.532
1525 -125.977 128.363
1526 -125.105 128.109
1527 -124.369 127.796
1528 -123.798 127.448
1529 -123.402 127.081
1530 -123.174 126.704
1531 -123.093 126.315
1532 -123.127 125.911
1533 -123.246 125.484
1534 -123.422 125.026
1535 -123.636 124.538
1536 -123.878 124.029
1537 -124.143 123.515
1538 -124.433 123.02
1539 -124.755 122.571
1540 -125.116 122.195
1541 -125.521 121.919
1542 -125.965 121.763
1543 -126.43 121.738
1544 -126.886 121.847
1545 -127.292 122.086
1546 -127.609 122.441
1547 -127.805 122.887
1548 -127.869 123.402
1549 -127.804 123.96
1550 -127.625 124.542
1551 -127.349 125.139
1552 -126.995 125.745
1553 -126.576 126.362
1554 -126.1 126.993
1555 -125.572 127.624
1556 -124.995 128.232
1557 -124.371 128.775
1558 -123.702 129.206
1559 -122.994 129.48
1560 -122.263 129.567
1561 -121.538 129.457
1562 -120.864 129.162
1563 -120.296 128.711
1564 -119.896 128.138
1565 -119.707 127.476
1566 -119.749 126.744
1567 -120.003 125.945
1568 -120.428 125.072
1569 -120.966 124.118
1570 -121.565 123.08
1571 -122.19 121.973
1572 -122.829 120.831
1573 -123.483 119.707
1574 -124.166 118.672
1575 -124.886 117.793
1576 -125.647 117.127
1577 -126.435 116.701
1578 -127.223 116.516
1579 -127.972 116.546
1580 -128.639 116.749
1581 -129.183 117.088
1582 -129.57 117.54
1583 -129.776 118.103
1584 -129.793 118.788
1585 -129.63 119.607
1586 -129.315 120.563
1587 -128.884 121.633
1588 -128.377 122.773
1589 -127.825 123.916
1590 -127.243 124.998
1591 -126.639 125.964
1592 -126.018 126.782
1593 -125.396 127.439
1594 -124.807 127.939
1595 -124.294 128.299
1596 -123.911 128.539
1597 -123.706 128.672
1598 -123.714 128.704
1599 -123.955 128.631
1600 -124.424 128.444
1601 -125.103 128.135
1602 -125.959 127.704
1603 -126.951 127.158
1604 -128.032 126.516
1605 -129.152 125.804
1606 -130.261 125.057
1607 -131.315 124.313
1608 -132.277 123.605
1609 -133.126 122.958
1610 -133.839 122.39
1611 -134.397 121.904
1612 -134.776 121.497
1613 -134.951 121.158
1614 -134.9 120.879
1615 -134.611 120.652
1616 -134.086 120.477
1617 -133.346 120.356
1618 -132.426 120.3
1619 -131.374 120.32
1620 -130.24 120.433
1621 -129.073 120.652
1622 -127.916 120.986
1623 -126.802 121.433
1624 -125.757 121.976
1625 -124.8 122.582
1626 -123.945 123.205
1627 -123.199 123.795
1628 -122.567 124.307
1629 -122.055 124.716
1630 -121.676 125.014
1631 -121.453 125.216
1632 -121.413 125.351
1633 -121.578 125.449
1634 -121.953 125.532
1635 -122.519 125.603
1636 -123.237 125.64
1637 -124.056 125.611
1638 -124.927 125.482
1639 -125.816 125.232
1640 -126.714 124.868
1641 -127.63 124.429
1642 -128.581 123.981
1643 -129.583 123.603
1644 -130.637 123.368
1645 -131.722 123.324
1646 -132.8 123.478
1647 -133.824 123.799
1648 -134.75 124.228
1649 -135.541 124.696
1650 -136.174 125.148
1651 -136.644 125.555
1652 -136.958 125.919
1653 -137.135 126.271
1654 -137.205 126.655
1655 -137.197 127.111
1656 -137.137 127.657
1657 -137.037 128.281
1658 -136.898 128.939
1659 -136.708 129.575
1660 -136.448 130.133
1661 -136.108 130.576
1662 -135.691 130.896
1663 -135.222 131.112
1664 -134.746 131.265
1665 -134.32 131.399
1666 -133.995 131.552
1667 -133.802 131.737
1668 -133.739 131.942
1669 -133.781 132.129
1670 -133.884 132.252
1671 -134.008 132.269
1672 -134.122 132.151
1673 -134.215 131.896
1674 -134.291 131.524
1675 -134.373 131.075
1676 -134.486 130.597
1677 -134.659 130.136
1678 -134.916 129.723
1679 -135.272 129.365
1680 -135.729 129.054
1681 -136.276 128.77
1682 -136.89 128.5
1683 -137.535 128.239
1684 -138.172 128.001
1685 -138.763 127.808
1686 -139.288 127.686
1687 -139.742 127.652
1688 -140.139 127.71
1689 -140.498 127.848
1690 -140.834 128.046
1691 -141.146 128.282
1692 -141.419 128.537
1693 -141.629 128.793
1694 -141.754 129.039
1695 -141.783 129.262
1696 -141.717 129.446
1697 -141.575 129.579
1698 -141.382 129.652
1699 -141.168 129.667
1700 -140.96 129.634
1701 -140.779 129.576
1702 -140.641 129.512
1703 -140.552 129.456
1704 -140.511 129.412
1705 -140.505 129.365
1706 -140.515 129.296
1707 -140.511 129.182
1708 -140.467 129.008
1709 -140.362 128.769
1710 -140.19 128.479
1711 -139.96 128.163
1712 -139.686 127.859
1713 -139.381 127.606
1714 -139.048 127.44
1715 -138.677 127.38
1716 -138.246 127.424
1717 -137.736 127.548
1718 -137.132 127.716
1719 -136.436 127.896
1720 -135.669 128.064
1721 -134.864 128.228
1722 -134.064 128.422
1723 -133.314 128.697
1724 -132.656 129.109
1725 -132.117 129.687
1726 -131.711 130.423
1727 -131.435 131.262
1728 -131.267 132.118
1729 -131.178 132.898
1730 -131.134 133.527
1731 -131.116 133.966
1732 -131.12 134.22
1733 -131.164 134.327
1734 -131.281 134.34
1735 -131.504 134.309
1736 -131.853 134.261
1737 -132.327 134.191
1738 -132.904 134.071
1739 -133.544 133.862
1740 -134.213 133.534
1741 -134.89 133.081
1742 -135.571 132.521
1743 -136.274 131.9
1744 -137.025 131.279
1745 -137.845 130.721
1746 -138.738 130.278
1747 -139.685 129.974
1748 -140.647 129.803
1749 -141.574 129.733
1750 -142.417 129.719
1751 -143.137 129.717
1752 -143.707 129.7
1753 -144.117 129.665
1754 -144.371 129.632
1755 -144.487 129.643
1756 -144.495 129.738
1757 -144.431 129.947
1758 -144.334 130.276
1759 -144.234 130.7
1760 -144.149 131.179
1761 -144.08 131.665
1762 -144.011 132.12
1763 -143.913 132.524
1764 -143.758 132.873
1765 -143.531 133.173
1766 -143.24 133.43
1767 -142.914 133.648
1768 -142.599 133.819
1769 -142.338 133.932
1770 -142.157 133.974
1771 -142.06 133.937
1772 -142.028 133.817
1773 -142.035 133.612
1774 -142.052 133.325
1775 -142.064 132.957
1776 -142.068 132.514
1777 -142.075 132.009
1778 -142.106 131.466
1779 -142.188 130.921
1780 -142.346 130.422
1781 -142.599 130.02
1782 -142.954 129.76
1783 -143.408 129.671
1784 -143.943 129.758
1785 -144.526 130.005
1786 -145.116 130.382
1787 -145.671 130.846
1788 -146.157 131.36
1789 -146.557 131.899
1790 -146.868 132.452
1791 -147.096 133.024
1792 -147.25 133.634
1793 -147.33 134.307
1794 -147.327 135.057
1795 -147.221 135.88
1796 -146.994 136.75
1797 -146.634 137.618
1798 -146.143 138.43
1799 -145.536 139.14
1800 -144.839 139.722
1801 -144.085 140.183
1802 -143.304 140.562
1803 -142.524 140.913
1804 -141.773 141.286
1805 -141.075 141.711
1806 -140.447 142.179
1807 -139.892 142.649
1808 -139.402 143.06
1809 -138.954 143.35
1810 -138.525 143.478
1811 -138.097 143.433
1812 -137.672 143.233
1813 -137.266 142.921
1814 -136.913 142.554
1815 -136.647 142.18
1816 -136.49 141.833
1817 -136.447 141.518
1818 -136.502 141.218
1819 -136.629 140.901
1820 -136.799 140.54
1821 -136.996 140.123
1822 -137.217 139.661
1823 -137.473 139.191
1824 -137.782 138.765
1825 -138.16 138.434
1826 -138.607 138.23
1827 -139.11 138.156
1828 -139.637 138.184
1829 -140.145 138.264
1830 -140.587 138.338
1831 -140.924 138.361
1832 -141.125 138.308
1833 -141.18 138.179
1834 -141.099 137.999
1835 -140.911 137.809
1836 -140.658 137.651
1837 -140.387 137.559
1838 -140.136 137.549
1839 -139.93 137.62
1840 -139.771 137.754
1841 -139.647 137.931
1842 -139.534 138.135
1843 -139.409 138.359
1844 -139.253 138.604
1845 -139.06 138.877
1846 -138.837 139.181
1847 -138.602 139.514
1848 -138.378 139.868
1849 -138.185 140.226
1850 -138.035 140.568
1851 -137.927 140.877
1852 -137.852 141.136
1853 -137.79 141.333
1854 -137.725 141.459
1855 -137.644 141.503
1856 -137.548 141.453
1857 -137.453 141.299
1858 -137.389 141.038
1859 -137.395 140.675
1860 -137.516 140.233
1861 -137.786 139.749
1862 -138.226 139.27
1863 -138.83 138.843
1864 -139.568 138.5
1865 -140.39 138.253
1866 -141.235 138.087
1867 -142.053 137.973
1868 -142.808 137.877
1869 -143.488 137.78
1870 -144.095 137.68
1871 -144.644 137.604
1872 -145.147 137.593
1873 -145.611 137.691
1874 -146.032 137.929
1875 -146.393 138.31
1876 -146.674 138.804
1877 -146.854 139.362
1878 -146.915 139.924
1879 -146.856 140.438
1880 -146.684 140.879
1881 -146.424 141.247
1882 -146.11 141.563
1883 -145.774 141.863
1884 -145.441 142.176
1885 -145.122 142.511
1886 -144.814 142.853
1887 -144.501 143.159
1888 -144.165 143.375
1889 -143.792 143.447
1890 -143.376 143.339
1891 -142.926 143.046
1892 -142.455 142.588
1893 -141.991 142.016
1894 -141.561 141.394
1895 -141.195 140.778
1896 -140.918 140.202
1897 -140.746 139.669
1898 -140.686 139.151
1899 -140.735 138.605
1900 -140.88 137.995
1901 -141.105 137.309
1902 -141.392 136.563
1903 -141.726 135.801
1904 -142.091 135.078
1905 -142.474 134.444
1906 -142.865 133.923
1907 -143.253 133.502
1908 -143.626 133.143
1909 -143.966 132.786
1910 -144.246 132.377
1911 -144.433 131.875
1912 -144.498 131.264
1913 -144.419 130.554
1914 -144.194 129.778
1915 -143.84 128.977
1916 -143.393 128.194
1917 -142.902 127.463
1918 -142.413 126.808
1919 -141.959 126.241
1920 -141.551 125.769
1921 -141.18 125.397
1922 -140.826 125.133
1923 -140.468 124.987
1924 -140.094 124.966
1925 -139.709 125.073
1926 -139.327 125.3
1927 -138.971 125.634
1928 -138.657 126.049
1929 -138.399 126.521
1930 -138.199 127.027
1931 -138.055 127.55
1932 -137.956 128.078
1933 -137.886 128.604
1934 -137.825 129.118
1935 -137.757 129.61
1936 -137.674 130.062
1937 -137.581 130.455
1938 -137.496 130.774
1939 -137.446 131.012
1940 -137.455 131.179
1941 -137.534 131.3
1942 -137.672 131.413
1943 -137.837 131.554
1944 -137.983 131.748
1945 -138.067 132
1946 -138.058 132.287
1947 -137.944 132.568
1948 -137.729 132.796
1949 -137.43 132.933
1950 -137.067 132.963
1951 -136.664 132.898
1952 -136.245 132.778
1953 -135.836 132.657
1954 -135.458 132.582
1955 -135.123 132.577
1956 -134.832 132.634
1957 -134.578 132.712
1958 -134.352 132.764
1959 -134.152 132.749
1960 -133.984 132.655
1961 -133.869 132.504
1962 -133.833 132.341
1963 -133.896 132.221
1964 -134.067 132.182
1965 -134.33 132.23
1966 -134.65 132.335
1967 -134.976 132.441
1968 -135.258 132.479
1969 -135.453 132.393
1970 -135.539 132.151
1971 -135.515 131.756
1972 -135.403 131.248
1973 -135.24 130.694
1974 -135.067 130.175
1975 -134.917 129.763
1976 -134.809 129.5
1977 -134.741 129.39
1978 -134.698 129.401
1979 -134.659 129.485
1980 -134.607 129.595
1981 -134.526 129.709
1982 -134.406 129.839
1983 -134.233 130.018
1984 -133.992 130.292
1985 -133.672 130.692
1986 -133.269 131.222
1987 -132.791 131.849
1988 -132.25 132.516
1989 -131.656 133.156
1990 -131.009 133.714
1991 -130.303 134.157
1992 -129.532 134.48
1993 -128.701 134.701
1994 -127.837 134.853
1995 -126.978 134.968
1996 -126.173 135.07
1997 -125.459 135.17
1998 -124.854 135.264
1999 -124.354 135.34
2000 -123.936 135.39
2001 -123.573 135.41
