     1	-122.228
     2	-122.025
     3	-121.805
     4	-121.575
     5	-121.346
     6	-121.132
     7	-120.946
     8	-120.798
     9	-120.69
    10	-120.612
    11	-120.548
    12	-120.473
    13	-120.362
    14	-120.195
    15	-119.964
    16	-119.675
    17	-119.349
    18	-119.017
    19	-118.717
    20	-118.482
    21	-118.338
    22	-118.295
    23	-118.352
    24	-118.497
    25	-118.718
    26	-119.003
    27	-119.347
    28	-119.752
    29	-120.219
    30	-120.744
    31	-121.312
    32	-121.896
    33	-122.458
    34	-122.958
    35	-123.362
    36	-123.651
    37	-123.827
    38	-123.91
    39	-123.936
    40	-123.949
    41	-123.987
    42	-124.075
    43	-124.222
    44	-124.418
    45	-124.646
    46	-124.88
    47	-125.096
    48	-125.276
    49	-125.41
    50	-125.497
    51	-125.544
    52	-125.563
    53	-125.567
    54	-125.564
    55	-125.557
    56	-125.543
    57	-125.519
    58	-125.487
    59	-125.458
    60	-125.455
    61	-125.503
    62	-125.63
    63	-125.852
    64	-126.176
    65	-126.593
    66	-127.085
    67	-127.625
    68	-128.184
    69	-128.729
    70	-129.234
    71	-129.676
    72	-130.04
    73	-130.322
    74	-130.525
    75	-130.656
    76	-130.725
    77	-130.738
    78	-130.695
    79	-130.594
    80	-130.432
    81	-130.208
    82	-129.93
    83	-129.608
    84	-129.258
    85	-128.894
    86	-128.526
    87	-128.162
    88	-127.801
    89	-127.436
    90	-127.057
    91	-126.645
    92	-126.18
    93	-125.642
    94	-125.015
    95	-124.298
    96	-123.502
    97	-122.656
    98	-121.798
    99	-120.966
   100	-120.192
   101	-119.495
   102	-118.878
   103	-118.337
   104	-117.865
   105	-117.464
   106	-117.142
   107	-116.914
   108	-116.794
   109	-116.791
   110	-116.899
   111	-117.099
   112	-117.359
   113	-117.643
   114	-117.915
   115	-118.146
   116	-118.321
   117	-118.437
   118	-118.504
   119	-118.539
   120	-118.561
   121	-118.578
   122	-118.587
   123	-118.572
   124	-118.505
   125	-118.362
   126	-118.125
   127	-117.797
   128	-117.395
   129	-116.954
   130	-116.511
   131	-116.097
   132	-115.727
   133	-115.397
   134	-115.088
   135	-114.78
   136	-114.458
   137	-114.118
   138	-113.775
   139	-113.455
   140	-113.19
   141	-113.009
   142	-112.935
   143	-112.975
   144	-113.125
   145	-113.369
   146	-113.685
   147	-114.043
   148	-114.418
   149	-114.79
   150	-115.154
   151	-115.514
   152	-115.887
   153	-116.291
   154	-116.739
   155	-117.232
   156	-117.764
   157	-118.318
   158	-118.881
   159	-119.438
   160	-119.983
   161	-120.513
   162	-121.03
   163	-121.533
   164	-122.023
   165	-122.498
   166	-122.956
   167	-123.395
   168	-123.811
   169	-124.2
   170	-124.555
   171	-124.867
   172	-125.126
   173	-125.326
   174	-125.468
   175	-125.561
   176	-125.619
   177	-125.663
   178	-125.71
   179	-125.769
   180	-125.843
   181	-125.925
   182	-126.006
   183	-126.075
   184	-126.133
   185	-126.183
   186	-126.238
   187	-126.31
   188	-126.404
   189	-126.518
   190	-126.639
   191	-126.746
   192	-126.819
   193	-126.839
   194	-126.797
   195	-126.698
   196	-126.555
   197	-126.39
   198	-126.231
   199	-126.102
   200	-126.024
   201	-126.001
   202	-126.03
   203	-126.092
   204	-126.165
   205	-126.228
   206	-126.264
   207	-126.268
   208	-126.248
   209	-126.217
   210	-126.189
   211	-126.17
   212	-126.152
   213	-126.118
   214	-126.043
   215	-125.905
   216	-125.692
   217	-125.409
   218	-125.075
   219	-124.721
   220	-124.383
   221	-124.093
   222	-123.866
   223	-123.709
   224	-123.612
   225	-123.56
   226	-123.535
   227	-123.525
   228	-123.527
   229	-123.547
   230	-123.594
   231	-123.684
   232	-123.826
   233	-124.024
   234	-124.274
   235	-124.567
   236	-124.888
   237	-125.224
   238	-125.563
   239	-125.9
   240	-126.231
   241	-126.558
   242	-126.883
   243	-127.209
   244	-127.536
   245	-127.86
   246	-128.175
   247	-128.472
   248	-128.741
   249	-128.972
   250	-129.156
   251	-129.286
   252	-129.362
   253	-129.385
   254	-129.367
   255	-129.328
   256	-129.292
   257	-129.289
   258	-129.344
   259	-129.472
   260	-129.671
   261	-129.925
   262	-130.202
   263	-130.467
   264	-130.692
   265	-130.858
   266	-130.959
   267	-130.996
   268	-130.971
   269	-130.884
   270	-130.727
   271	-130.494
   272	-130.182
   273	-129.796
   274	-129.353
   275	-128.88
   276	-128.411
   277	-127.98
   278	-127.618
   279	-127.349
   280	-127.185
   281	-127.135
   282	-127.196
   283	-127.358
   284	-127.606
   285	-127.926
   286	-128.308
   287	-128.749
   288	-129.253
   289	-129.829
   290	-130.477
   291	-131.188
   292	-131.934
   293	-132.679
   294	-133.383
   295	-134.012
   296	-134.543
   297	-134.967
   298	-135.285
   299	-135.502
   300	-135.622
   301	-135.646
   302	-135.567
   303	-135.369
   304	-135.036
   305	-134.549
   306	-133.894
   307	-133.073
   308	-132.097
   309	-131
   310	-129.822
   311	-128.609
   312	-127.405
   313	-126.24
   314	-125.137
   315	-124.109
   316	-123.166
   317	-122.318
   318	-121.577
   319	-120.954
   320	-120.456
   321	-120.084
   322	-119.829
   323	-119.677
   324	-119.608
   325	-119.599
   326	-119.627
   327	-119.671
   328	-119.716
   329	-119.751
   330	-119.771
   331	-119.773
   332	-119.76
   333	-119.733
   334	-119.698
   335	-119.662
   336	-119.633
   337	-119.625
   338	-119.651
   339	-119.719
   340	-119.827
   341	-119.961
   342	-120.092
   343	-120.187
   344	-120.213
   345	-120.147
   346	-119.98
   347	-119.718
   348	-119.377
   349	-118.979
   350	-118.538
   351	-118.065
   352	-117.558
   353	-117.013
   354	-116.431
   355	-115.826
   356	-115.225
   357	-114.669
   358	-114.207
   359	-113.879
   360	-113.714
   361	-113.716
   362	-113.871
   363	-114.148
   364	-114.515
   365	-114.939
   366	-115.399
   367	-115.883
   368	-116.384
   369	-116.899
   370	-117.421
   371	-117.946
   372	-118.466
   373	-118.969
   374	-119.441
   375	-119.87
   376	-120.248
   377	-120.576
   378	-120.87
   379	-121.155
   380	-121.461
   381	-121.81
   382	-122.2
   383	-122.612
   384	-123.006
   385	-123.337
   386	-123.566
   387	-123.671
   388	-123.647
   389	-123.503
   390	-123.257
   391	-122.927
   392	-122.525
   393	-122.061
   394	-121.543
   395	-120.984
   396	-120.406
   397	-119.836
   398	-119.299
   399	-118.818
   400	-118.402
   401	-118.057
   402	-117.778
   403	-117.564
   404	-117.412
   405	-117.318
   406	-117.277
   407	-117.275
   408	-117.289
   409	-117.294
   410	-117.268
   411	-117.203
   412	-117.106
   413	-117
   414	-116.918
   415	-116.893
   416	-116.958
   417	-117.134
   418	-117.434
   419	-117.857
   420	-118.392
   421	-119.011
   422	-119.68
   423	-120.36
   424	-121.019
   425	-121.63
   426	-122.18
   427	-122.672
   428	-123.114
   429	-123.517
   430	-123.885
   431	-124.209
   432	-124.466
   433	-124.633
   434	-124.694
   435	-124.653
   436	-124.534
   437	-124.377
   438	-124.224
   439	-124.109
   440	-124.045
   441	-124.024
   442	-124.024
   443	-124.013
   444	-123.963
   445	-123.846
   446	-123.644
   447	-123.346
   448	-122.947
   449	-122.454
   450	-121.884
   451	-121.264
   452	-120.627
   453	-120.003
   454	-119.414
   455	-118.876
   456	-118.407
   457	-118.029
   458	-117.768
   459	-117.654
   460	-117.705
   461	-117.918
   462	-118.265
   463	-118.699
   464	-119.163
   465	-119.61
   466	-120.006
   467	-120.339
   468	-120.616
   469	-120.854
   470	-121.069
   471	-121.269
   472	-121.447
   473	-121.585
   474	-121.664
   475	-121.672
   476	-121.607
   477	-121.481
   478	-121.32
   479	-121.153
   480	-121.013
   481	-120.919
   482	-120.882
   483	-120.894
   484	-120.937
   485	-120.986
   486	-121.015
   487	-121.002
   488	-120.932
   489	-120.801
   490	-120.618
   491	-120.399
   492	-120.167
   493	-119.95
   494	-119.771
   495	-119.649
   496	-119.595
   497	-119.616
   498	-119.714
   499	-119.884
   500	-120.119
   501	-120.406
   502	-120.731
   503	-121.077
   504	-121.435
   505	-121.797
   506	-122.163
   507	-122.54
   508	-122.936
   509	-123.357
   510	-123.802
   511	-124.261
   512	-124.718
   513	-125.156
   514	-125.563
   515	-125.937
   516	-126.286
   517	-126.623
   518	-126.961
   519	-127.306
   520	-127.654
   521	-127.987
   522	-128.276
   523	-128.491
   524	-128.601
   525	-128.591
   526	-128.459
   527	-128.222
   528	-127.91
   529	-127.56
   530	-127.211
   531	-126.89
   532	-126.614
   533	-126.393
   534	-126.236
   535	-126.156
   536	-126.172
   537	-126.31
   538	-126.588
   539	-127.013
   540	-127.572
   541	-128.233
   542	-128.954
   543	-129.69
   544	-130.404
   545	-131.069
   546	-131.668
   547	-132.195
   548	-132.647
   549	-133.025
   550	-133.327
   551	-133.547
   552	-133.674
   553	-133.696
   554	-133.6
   555	-133.377
   556	-133.03
   557	-132.577
   558	-132.05
   559	-131.49
   560	-130.941
   561	-130.435
   562	-129.987
   563	-129.593
   564	-129.24
   565	-128.912
   566	-128.596
   567	-128.288
   568	-127.995
   569	-127.732
   570	-127.517
   571	-127.369
   572	-127.303
   573	-127.332
   574	-127.461
   575	-127.691
   576	-128.014
   577	-128.411
   578	-128.857
   579	-129.317
   580	-129.759
   581	-130.15
   582	-130.467
   583	-130.692
   584	-130.812
   585	-130.82
   586	-130.715
   587	-130.493
   588	-130.155
   589	-129.706
   590	-129.159
   591	-128.534
   592	-127.86
   593	-127.172
   594	-126.507
   595	-125.9
   596	-125.382
   597	-124.983
   598	-124.724
   599	-124.611
   600	-124.629
   601	-124.738
   602	-124.884
   603	-125.014
   604	-125.085
   605	-125.078
   606	-125.002
   607	-124.885
   608	-124.771
   609	-124.698
   610	-124.694
   611	-124.764
   612	-124.893
   613	-125.06
   614	-125.246
   615	-125.439
   616	-125.642
   617	-125.858
   618	-126.091
   619	-126.338
   620	-126.585
   621	-126.812
   622	-126.996
   623	-127.113
   624	-127.144
   625	-127.072
   626	-126.89
   627	-126.602
   628	-126.218
   629	-125.759
   630	-125.251
   631	-124.72
   632	-124.191
   633	-123.68
   634	-123.198
   635	-122.755
   636	-122.361
   637	-122.032
   638	-121.787
   639	-121.645
   640	-121.611
   641	-121.677
   642	-121.818
   643	-122
   644	-122.187
   645	-122.347
   646	-122.46
   647	-122.514
   648	-122.512
   649	-122.458
   650	-122.364
   651	-122.236
   652	-122.081
   653	-121.896
   654	-121.676
   655	-121.415
   656	-121.107
   657	-120.75
   658	-120.343
   659	-119.893
   660	-119.405
   661	-118.885
   662	-118.333
   663	-117.744
   664	-117.109
   665	-116.413
   666	-115.647
   667	-114.808
   668	-113.907
   669	-112.966
   670	-112.022
   671	-111.117
   672	-110.292
   673	-109.574
   674	-108.972
   675	-108.488
   676	-108.122
   677	-107.876
   678	-107.752
   679	-107.75
   680	-107.861
   681	-108.066
   682	-108.334
   683	-108.63
   684	-108.925
   685	-109.199
   686	-109.446
   687	-109.665
   688	-109.857
   689	-110.02
   690	-110.142
   691	-110.211
   692	-110.218
   693	-110.16
   694	-110.042
   695	-109.872
   696	-109.661
   697	-109.42
   698	-109.158
   699	-108.887
   700	-108.615
   701	-108.352
   702	-108.101
   703	-107.861
   704	-107.625
   705	-107.387
   706	-107.149
   707	-106.924
   708	-106.743
   709	-106.64
   710	-106.647
   711	-106.774
   712	-107.01
   713	-107.323
   714	-107.673
   715	-108.025
   716	-108.358
   717	-108.666
   718	-108.954
   719	-109.232
   720	-109.507
   721	-109.782
   722	-110.05
   723	-110.3
   724	-110.519
   725	-110.694
   726	-110.811
   727	-110.862
   728	-110.838
   729	-110.734
   730	-110.548
   731	-110.281
   732	-109.941
   733	-109.542
   734	-109.098
   735	-108.624
   736	-108.135
   737	-107.643
   738	-107.163
   739	-106.712
   740	-106.302
   741	-105.942
   742	-105.633
   743	-105.368
   744	-105.136
   745	-104.923
   746	-104.717
   747	-104.516
   748	-104.323
   749	-104.146
   750	-103.997
   751	-103.881
   752	-103.792
   753	-103.718
   754	-103.636
   755	-103.528
   756	-103.382
   757	-103.2
   758	-102.99
   759	-102.771
   760	-102.561
   761	-102.372
   762	-102.209
   763	-102.073
   764	-101.959
   765	-101.865
   766	-101.793
   767	-101.749
   768	-101.74
   769	-101.773
   770	-101.85
   771	-101.966
   772	-102.109
   773	-102.259
   774	-102.397
   775	-102.504
   776	-102.566
   777	-102.575
   778	-102.53
   779	-102.43
   780	-102.274
   781	-102.059
   782	-101.78
   783	-101.437
   784	-101.035
   785	-100.593
   786	-100.143
   787	-99.7314
   788	-99.4072
   789	-99.2177
   790	-99.1932
   791	-99.3403
   792	-99.642
   793	-100.065
   794	-100.572
   795	-101.131
   796	-101.726
   797	-102.352
   798	-103.013
   799	-103.711
   800	-104.442
   801	-105.193
   802	-105.937
   803	-106.644
   804	-107.285
   805	-107.845
   806	-108.325
   807	-108.745
   808	-109.137
   809	-109.531
   810	-109.951
   811	-110.405
   812	-110.883
   813	-111.364
   814	-111.822
   815	-112.235
   816	-112.592
   817	-112.889
   818	-113.134
   819	-113.344
   820	-113.536
   821	-113.728
   822	-113.927
   823	-114.135
   824	-114.345
   825	-114.542
   826	-114.717
   827	-114.863
   828	-114.983
   829	-115.09
   830	-115.198
   831	-115.317
   832	-115.452
   833	-115.595
   834	-115.736
   835	-115.862
   836	-115.961
   837	-116.022
   838	-116.04
   839	-116.011
   840	-115.939
   841	-115.83
   842	-115.699
   843	-115.56
   844	-115.433
   845	-115.334
   846	-115.28
   847	-115.291
   848	-115.384
   849	-115.577
   850	-115.882
   851	-116.294
   852	-116.792
   853	-117.338
   854	-117.887
   855	-118.397
   856	-118.838
   857	-119.191
   858	-119.455
   859	-119.633
   860	-119.731
   861	-119.758
   862	-119.72
   863	-119.625
   864	-119.486
   865	-119.319
   866	-119.146
   867	-118.992
   868	-118.882
   869	-118.838
   870	-118.873
   871	-118.99
   872	-119.179
   873	-119.424
   874	-119.7
   875	-119.984
   876	-120.259
   877	-120.516
   878	-120.756
   879	-120.987
   880	-121.218
   881	-121.454
   882	-121.691
   883	-121.922
   884	-122.135
   885	-122.323
   886	-122.49
   887	-122.645
   888	-122.805
   889	-122.988
   890	-123.208
   891	-123.467
   892	-123.756
   893	-124.054
   894	-124.336
   895	-124.574
   896	-124.75
   897	-124.853
   898	-124.883
   899	-124.847
   900	-124.753
   901	-124.609
   902	-124.422
   903	-124.192
   904	-123.923
   905	-123.626
   906	-123.32
   907	-123.04
   908	-122.827
   909	-122.724
   910	-122.764
   911	-122.96
   912	-123.306
   913	-123.773
   914	-124.325
   915	-124.92
   916	-125.519
   917	-126.09
   918	-126.609
   919	-127.057
   920	-127.426
   921	-127.716
   922	-127.929
   923	-128.069
   924	-128.143
   925	-128.155
   926	-128.117
   927	-128.043
   928	-127.954
   929	-127.875
   930	-127.825
   931	-127.813
   932	-127.836
   933	-127.878
   934	-127.919
   935	-127.939
   936	-127.924
   937	-127.866
   938	-127.763
   939	-127.616
   940	-127.427
   941	-127.201
   942	-126.942
   943	-126.659
   944	-126.358
   945	-126.054
   946	-125.76
   947	-125.491
   948	-125.262
   949	-125.082
   950	-124.956
   951	-124.883
   952	-124.856
   953	-124.864
   954	-124.897
   955	-124.945
   956	-125.004
   957	-125.075
   958	-125.163
   959	-125.274
   960	-125.413
   961	-125.586
   962	-125.796
   963	-126.044
   964	-126.331
   965	-126.662
   966	-127.038
   967	-127.462
   968	-127.933
   969	-128.447
   970	-128.987
   971	-129.529
   972	-130.038
   973	-130.479
   974	-130.816
   975	-131.018
   976	-131.065
   977	-130.95
   978	-130.673
   979	-130.247
   980	-129.688
   981	-129.017
   982	-128.252
   983	-127.41
   984	-126.505
   985	-125.546
   986	-124.546
   987	-123.523
   988	-122.508
   989	-121.539
   990	-120.669
   991	-119.949
   992	-119.419
   993	-119.095
   994	-118.964
   995	-118.986
   996	-119.109
   997	-119.279
   998	-119.451
   999	-119.594
  1000	-119.695
  1001	-119.755
  1002	-119.785
  1003	-119.8
  1004	-119.818
  1005	-119.854
  1006	-119.916
  1007	-120.008
  1008	-120.125
  1009	-120.263
  1010	-120.417
  1011	-120.584
  1012	-120.766
  1013	-120.967
  1014	-121.186
  1015	-121.416
  1016	-121.647
  1017	-121.862
  1018	-122.049
  1019	-122.196
  1020	-122.299
  1021	-122.36
  1022	-122.387
  1023	-122.393
  1024	-122.399
  1025	-122.427
  1026	-122.503
  1027	-122.646
  1028	-122.869
  1029	-123.171
  1030	-123.538
  1031	-123.943
  1032	-124.36
  1033	-124.765
  1034	-125.141
  1035	-125.485
  1036	-125.796
  1037	-126.082
  1038	-126.344
  1039	-126.583
  1040	-126.793
  1041	-126.965
  1042	-127.091
  1043	-127.167
  1044	-127.196
  1045	-127.189
  1046	-127.166
  1047	-127.151
  1048	-127.171
  1049	-127.246
  1050	-127.387
  1051	-127.592
  1052	-127.845
  1053	-128.121
  1054	-128.393
  1055	-128.631
  1056	-128.82
  1057	-128.95
  1058	-129.028
  1059	-129.071
  1060	-129.101
  1061	-129.14
  1062	-129.206
  1063	-129.308
  1064	-129.449
  1065	-129.621
  1066	-129.816
  1067	-130.023
  1068	-130.236
  1069	-130.451
  1070	-130.667
  1071	-130.885
  1072	-131.103
  1073	-131.318
  1074	-131.518
  1075	-131.689
  1076	-131.811
  1077	-131.867
  1078	-131.846
  1079	-131.745
  1080	-131.568
  1081	-131.322
  1082	-131.02
  1083	-130.669
  1084	-130.274
  1085	-129.832
  1086	-129.334
  1087	-128.771
  1088	-128.137
  1089	-127.433
  1090	-126.67
  1091	-125.864
  1092	-125.032
  1093	-124.189
  1094	-123.347
  1095	-122.512
  1096	-121.682
  1097	-120.856
  1098	-120.034
  1099	-119.222
  1100	-118.434
  1101	-117.69
  1102	-117.02
  1103	-116.462
  1104	-116.054
  1105	-115.828
  1106	-115.803
  1107	-115.978
  1108	-116.329
  1109	-116.816
  1110	-117.388
  1111	-117.996
  1112	-118.597
  1113	-119.164
  1114	-119.681
  1115	-120.145
  1116	-120.557
  1117	-120.922
  1118	-121.243
  1119	-121.52
  1120	-121.75
  1121	-121.926
  1122	-122.043
  1123	-122.098
  1124	-122.099
  1125	-122.06
  1126	-122.006
  1127	-121.967
  1128	-121.969
  1129	-122.028
  1130	-122.146
  1131	-122.306
  1132	-122.477
  1133	-122.623
  1134	-122.708
  1135	-122.708
  1136	-122.608
  1137	-122.41
  1138	-122.128
  1139	-121.785
  1140	-121.414
  1141	-121.047
  1142	-120.713
  1143	-120.437
  1144	-120.24
  1145	-120.137
  1146	-120.145
  1147	-120.278
  1148	-120.552
  1149	-120.978
  1150	-121.556
  1151	-122.269
  1152	-123.084
  1153	-123.953
  1154	-124.824
  1155	-125.643
  1156	-126.364
  1157	-126.955
  1158	-127.401
  1159	-127.701
  1160	-127.87
  1161	-127.933
  1162	-127.922
  1163	-127.869
  1164	-127.8
  1165	-127.732
  1166	-127.67
  1167	-127.609
  1168	-127.535
  1169	-127.435
  1170	-127.297
  1171	-127.117
  1172	-126.9
  1173	-126.654
  1174	-126.388
  1175	-126.104
  1176	-125.803
  1177	-125.475
  1178	-125.108
  1179	-124.693
  1180	-124.224
  1181	-123.706
  1182	-123.154
  1183	-122.592
  1184	-122.055
  1185	-121.576
  1186	-121.187
  1187	-120.907
  1188	-120.737
  1189	-120.662
  1190	-120.651
  1191	-120.664
  1192	-120.663
  1193	-120.613
  1194	-120.493
  1195	-120.291
  1196	-120.007
  1197	-119.645
  1198	-119.208
  1199	-118.703
  1200	-118.13
  1201	-117.491
  1202	-116.792
  1203	-116.045
  1204	-115.275
  1205	-114.519
  1206	-113.828
  1207	-113.259
  1208	-112.864
  1209	-112.682
  1210	-112.724
  1211	-112.969
  1212	-113.371
  1213	-113.867
  1214	-114.388
  1215	-114.875
  1216	-115.288
  1217	-115.608
  1218	-115.84
  1219	-116.001
  1220	-116.119
  1221	-116.223
  1222	-116.337
  1223	-116.481
  1224	-116.666
  1225	-116.902
  1226	-117.197
  1227	-117.558
  1228	-117.989
  1229	-118.492
  1230	-119.061
  1231	-119.687
  1232	-120.352
  1233	-121.033
  1234	-121.705
  1235	-122.341
  1236	-122.92
  1237	-123.425
  1238	-123.852
  1239	-124.208
  1240	-124.512
  1241	-124.796
  1242	-125.097
  1243	-125.454
  1244	-125.898
  1245	-126.451
  1246	-127.116
  1247	-127.881
  1248	-128.717
  1249	-129.584
  1250	-130.443
  1251	-131.257
  1252	-132
  1253	-132.656
  1254	-133.212
  1255	-133.661
  1256	-133.997
  1257	-134.217
  1258	-134.316
  1259	-134.294
  1260	-134.157
  1261	-133.92
  1262	-133.602
  1263	-133.229
  1264	-132.831
  1265	-132.434
  1266	-132.056
  1267	-131.709
  1268	-131.394
  1269	-131.11
  1270	-130.848
  1271	-130.601
  1272	-130.365
  1273	-130.138
  1274	-129.926
  1275	-129.732
  1276	-129.557
  1277	-129.4
  1278	-129.254
  1279	-129.107
  1280	-128.945
  1281	-128.752
  1282	-128.518
  1283	-128.233
  1284	-127.9
  1285	-127.523
  1286	-127.118
  1287	-126.699
  1288	-126.277
  1289	-125.854
  1290	-125.416
  1291	-124.944
  1292	-124.411
  1293	-123.795
  1294	-123.079
  1295	-122.265
  1296	-121.365
  1297	-120.403
  1298	-119.411
  1299	-118.42
  1300	-117.464
  1301	-116.575
  1302	-115.779
  1303	-115.101
  1304	-114.563
  1305	-114.183
  1306	-113.972
  1307	-113.931
  1308	-114.053
  1309	-114.318
  1310	-114.695
  1311	-115.147
  1312	-115.632
  1313	-116.105
  1314	-116.53
  1315	-116.873
  1316	-117.111
  1317	-117.233
  1318	-117.244
  1319	-117.162
  1320	-117.02
  1321	-116.86
  1322	-116.728
  1323	-116.664
  1324	-116.698
  1325	-116.841
  1326	-117.084
  1327	-117.402
  1328	-117.759
  1329	-118.118
  1330	-118.444
  1331	-118.712
  1332	-118.908
  1333	-119.025
  1334	-119.065
  1335	-119.036
  1336	-118.944
  1337	-118.798
  1338	-118.603
  1339	-118.366
  1340	-118.094
  1341	-117.797
  1342	-117.496
  1343	-117.218
  1344	-116.998
  1345	-116.87
  1346	-116.862
  1347	-116.987
  1348	-117.233
  1349	-117.568
  1350	-117.944
  1351	-118.311
  1352	-118.624
  1353	-118.853
  1354	-118.986
  1355	-119.026
  1356	-118.985
  1357	-118.885
  1358	-118.747
  1359	-118.589
  1360	-118.428
  1361	-118.273
  1362	-118.137
  1363	-118.031
  1364	-117.965
  1365	-117.956
  1366	-118.018
  1367	-118.159
  1368	-118.384
  1369	-118.684
  1370	-119.037
  1371	-119.41
  1372	-119.763
  1373	-120.058
  1374	-120.265
  1375	-120.37
  1376	-120.375
  1377	-120.297
  1378	-120.165
  1379	-120.013
  1380	-119.875
  1381	-119.78
  1382	-119.75
  1383	-119.802
  1384	-119.947
  1385	-120.193
  1386	-120.544
  1387	-120.994
  1388	-121.533
  1389	-122.14
  1390	-122.79
  1391	-123.453
  1392	-124.099
  1393	-124.704
  1394	-125.248
  1395	-125.718
  1396	-126.109
  1397	-126.425
  1398	-126.678
  1399	-126.888
  1400	-127.075
  1401	-127.264
  1402	-127.471
  1403	-127.704
  1404	-127.961
  1405	-128.233
  1406	-128.501
  1407	-128.745
  1408	-128.947
  1409	-129.093
  1410	-129.175
  1411	-129.189
  1412	-129.134
  1413	-129.013
  1414	-128.83
  1415	-128.589
  1416	-128.296
  1417	-127.952
  1418	-127.563
  1419	-127.138
  1420	-126.691
  1421	-126.244
  1422	-125.835
  1423	-125.512
  1424	-125.332
  1425	-125.351
  1426	-125.608
  1427	-126.113
  1428	-126.842
  1429	-127.74
  1430	-128.739
  1431	-129.77
  1432	-130.78
  1433	-131.737
  1434	-132.629
  1435	-133.457
  1436	-134.227
  1437	-134.942
  1438	-135.601
  1439	-136.192
  1440	-136.698
  1441	-137.095
  1442	-137.363
  1443	-137.482
  1444	-137.443
  1445	-137.248
  1446	-136.914
  1447	-136.472
  1448	-135.956
  1449	-135.402
  1450	-134.834
  1451	-134.264
  1452	-133.696
  1453	-133.126
  1454	-132.551
  1455	-131.979
  1456	-131.43
  1457	-130.937
  1458	-130.545
  1459	-130.305
  1460	-130.265
  1461	-130.462
  1462	-130.915
  1463	-131.621
  1464	-132.549
  1465	-133.648
  1466	-134.853
  1467	-136.098
  1468	-137.319
  1469	-138.468
  1470	-139.515
  1471	-140.444
  1472	-141.249
  1473	-141.925
  1474	-142.467
  1475	-142.866
  1476	-143.119
  1477	-143.225
  1478	-143.192
  1479	-143.04
  1480	-142.797
  1481	-142.496
  1482	-142.171
  1483	-141.848
  1484	-141.543
  1485	-141.258
  1486	-140.984
  1487	-140.706
  1488	-140.409
  1489	-140.082
  1490	-139.722
  1491	-139.336
  1492	-138.938
  1493	-138.546
  1494	-138.178
  1495	-137.851
  1496	-137.572
  1497	-137.343
  1498	-137.16
  1499	-137.014
  1500	-136.901
  1501	-136.821
  1502	-136.778
  1503	-136.784
  1504	-136.848
  1505	-136.977
  1506	-137.165
  1507	-137.391
  1508	-137.625
  1509	-137.822
  1510	-137.94
  1511	-137.935
  1512	-137.775
  1513	-137.441
  1514	-136.928
  1515	-136.246
  1516	-135.418
  1517	-134.476
  1518	-133.453
  1519	-132.381
  1520	-131.283
  1521	-130.176
  1522	-129.075
  1523	-127.994
  1524	-126.952
  1525	-125.977
  1526	-125.105
  1527	-124.369
  1528	-123.798
  1529	-123.402
  1530	-123.174
  1531	-123.093
  1532	-123.127
  1533	-123.246
  1534	-123.422
  1535	-123.636
  1536	-123.878
  1537	-124.143
  1538	-124.433
  1539	-124.755
  1540	-125.116
  1541	-125.521
  1542	-125.965
  1543	-126.43
  1544	-126.886
  1545	-127.292
  1546	-127.609
  1547	-127.805
  1548	-127.869
  1549	-127.804
  1550	-127.625
  1551	-127.349
  1552	-126.995
  1553	-126.576
  1554	-126.1
  1555	-125.572
  1556	-124.995
  1557	-124.371
  1558	-123.702
  1559	-122.994
  1560	-122.263
  1561	-121.538
  1562	-120.864
  1563	-120.296
  1564	-119.896
  1565	-119.707
  1566	-119.749
  1567	-120.003
  1568	-120.428
  1569	-120.966
  1570	-121.565
  1571	-122.19
  1572	-122.829
  1573	-123.483
  1574	-124.166
  1575	-124.886
  1576	-125.647
  1577	-126.435
  1578	-127.223
  1579	-127.972
  1580	-128.639
  1581	-129.183
  1582	-129.57
  1583	-129.776
  1584	-129.793
  1585	-129.63
  1586	-129.315
  1587	-128.884
  1588	-128.377
  1589	-127.825
  1590	-127.243
  1591	-126.639
  1592	-126.018
  1593	-125.396
  1594	-124.807
  1595	-124.294
  1596	-123.911
  1597	-123.706
  1598	-123.714
  1599	-123.955
  1600	-124.424
  1601	-125.103
  1602	-125.959
  1603	-126.951
  1604	-128.032
  1605	-129.152
  1606	-130.261
  1607	-131.315
  1608	-132.277
  1609	-133.126
  1610	-133.839
  1611	-134.397
  1612	-134.776
  1613	-134.951
  1614	-134.9
  1615	-134.611
  1616	-134.086
  1617	-133.346
  1618	-132.426
  1619	-131.374
  1620	-130.24
  1621	-129.073
  1622	-127.916
  1623	-126.802
  1624	-125.757
  1625	-124.8
  1626	-123.945
  1627	-123.199
  1628	-122.567
  1629	-122.055
  1630	-121.676
  1631	-121.453
  1632	-121.413
  1633	-121.578
  1634	-121.953
  1635	-122.519
  1636	-123.237
  1637	-124.056
  1638	-124.927
  1639	-125.816
  1640	-126.714
  1641	-127.63
  1642	-128.581
  1643	-129.583
  1644	-130.637
  1645	-131.722
  1646	-132.8
  1647	-133.824
  1648	-134.75
  1649	-135.541
  1650	-136.174
  1651	-136.644
  1652	-136.958
  1653	-137.135
  1654	-137.205
  1655	-137.197
  1656	-137.137
  1657	-137.037
  1658	-136.898
  1659	-136.708
  1660	-136.448
  1661	-136.108
  1662	-135.691
  1663	-135.222
  1664	-134.746
  1665	-134.32
  1666	-133.995
  1667	-133.802
  1668	-133.739
  1669	-133.781
  1670	-133.884
  1671	-134.008
  1672	-134.122
  1673	-134.215
  1674	-134.291
  1675	-134.373
  1676	-134.486
  1677	-134.659
  1678	-134.916
  1679	-135.272
  1680	-135.729
  1681	-136.276
  1682	-136.89
  1683	-137.535
  1684	-138.172
  1685	-138.763
  1686	-139.288
  1687	-139.742
  1688	-140.139
  1689	-140.498
  1690	-140.834
  1691	-141.146
  1692	-141.419
  1693	-141.629
  1694	-141.754
  1695	-141.783
  1696	-141.717
  1697	-141.575
  1698	-141.382
  1699	-141.168
  1700	-140.96
  1701	-140.779
  1702	-140.641
  1703	-140.552
  1704	-140.511
  1705	-140.505
  1706	-140.515
  1707	-140.511
  1708	-140.467
  1709	-140.362
  1710	-140.19
  1711	-139.96
  1712	-139.686
  1713	-139.381
  1714	-139.048
  1715	-138.677
  1716	-138.246
  1717	-137.736
  1718	-137.132
  1719	-136.436
  1720	-135.669
  1721	-134.864
  1722	-134.064
  1723	-133.314
  1724	-132.656
  1725	-132.117
  1726	-131.711
  1727	-131.435
  1728	-131.267
  1729	-131.178
  1730	-131.134
  1731	-131.116
  1732	-131.12
  1733	-131.164
  1734	-131.281
  1735	-131.504
  1736	-131.853
  1737	-132.327
  1738	-132.904
  1739	-133.544
  1740	-134.213
  1741	-134.89
  1742	-135.571
  1743	-136.274
  1744	-137.025
  1745	-137.845
  1746	-138.738
  1747	-139.685
  1748	-140.647
  1749	-141.574
  1750	-142.417
  1751	-143.137
  1752	-143.707
  1753	-144.117
  1754	-144.371
  1755	-144.487
  1756	-144.495
  1757	-144.431
  1758	-144.334
  1759	-144.234
  1760	-144.149
  1761	-144.08
  1762	-144.011
  1763	-143.913
  1764	-143.758
  1765	-143.531
  1766	-143.24
  1767	-142.914
  1768	-142.599
  1769	-142.338
  1770	-142.157
  1771	-142.06
  1772	-142.028
  1773	-142.035
  1774	-142.052
  1775	-142.064
  1776	-142.068
  1777	-142.075
  1778	-142.106
  1779	-142.188
  1780	-142.346
  1781	-142.599
  1782	-142.954
  1783	-143.408
  1784	-143.943
  1785	-144.526
  1786	-145.116
  1787	-145.671
  1788	-146.157
  1789	-146.557
  1790	-146.868
  1791	-147.096
  1792	-147.25
  1793	-147.33
  1794	-147.327
  1795	-147.221
  1796	-146.994
  1797	-146.634
  1798	-146.143
  1799	-145.536
  1800	-144.839
  1801	-144.085
  1802	-143.304
  1803	-142.524
  1804	-141.773
  1805	-141.075
  1806	-140.447
  1807	-139.892
  1808	-139.402
  1809	-138.954
  1810	-138.525
  1811	-138.097
  1812	-137.672
  1813	-137.266
  1814	-136.913
  1815	-136.647
  1816	-136.49
  1817	-136.447
  1818	-136.502
  1819	-136.629
  1820	-136.799
  1821	-136.996
  1822	-137.217
  1823	-137.473
  1824	-137.782
  1825	-138.16
  1826	-138.607
  1827	-139.11
  1828	-139.637
  1829	-140.145
  1830	-140.587
  1831	-140.924
  1832	-141.125
  1833	-141.18
  1834	-141.099
  1835	-140.911
  1836	-140.658
  1837	-140.387
  1838	-140.136
  1839	-139.93
  1840	-139.771
  1841	-139.647
  1842	-139.534
  1843	-139.409
  1844	-139.253
  1845	-139.06
  1846	-138.837
  1847	-138.602
  1848	-138.378
  1849	-138.185
  1850	-138.035
  1851	-137.927
  1852	-137.852
  1853	-137.79
  1854	-137.725
  1855	-137.644
  1856	-137.548
  1857	-137.453
  1858	-137.389
  1859	-137.395
  1860	-137.516
  1861	-137.786
  1862	-138.226
  1863	-138.83
  1864	-139.568
  1865	-140.39
  1866	-141.235
  1867	-142.053
  1868	-142.808
  1869	-143.488
  1870	-144.095
  1871	-144.644
  1872	-145.147
  1873	-145.611
  1874	-146.032
  1875	-146.393
  1876	-146.674
  1877	-146.854
  1878	-146.915
  1879	-146.856
  1880	-146.684
  1881	-146.424
  1882	-146.11
  1883	-145.774
  1884	-145.441
  1885	-145.122
  1886	-144.814
  1887	-144.501
  1888	-144.165
  1889	-143.792
  1890	-143.376
  1891	-142.926
  1892	-142.455
  1893	-141.991
  1894	-141.561
  1895	-141.195
  1896	-140.918
  1897	-140.746
  1898	-140.686
  1899	-140.735
  1900	-140.88
  1901	-141.105
  1902	-141.392
  1903	-141.726
  1904	-142.091
  1905	-142.474
  1906	-142.865
  1907	-143.253
  1908	-143.626
  1909	-143.966
  1910	-144.246
  1911	-144.433
  1912	-144.498
  1913	-144.419
  1914	-144.194
  1915	-143.84
  1916	-143.393
  1917	-142.902
  1918	-142.413
  1919	-141.959
  1920	-141.551
  1921	-141.18
  1922	-140.826
  1923	-140.468
  1924	-140.094
  1925	-139.709
  1926	-139.327
  1927	-138.971
  1928	-138.657
  1929	-138.399
  1930	-138.199
  1931	-138.055
  1932	-137.956
  1933	-137.886
  1934	-137.825
  1935	-137.757
  1936	-137.674
  1937	-137.581
  1938	-137.496
  1939	-137.446
  1940	-137.455
  1941	-137.534
  1942	-137.672
  1943	-137.837
  1944	-137.983
  1945	-138.067
  1946	-138.058
  1947	-137.944
  1948	-137.729
  1949	-137.43
  1950	-137.067
  1951	-136.664
  1952	-136.245
  1953	-135.836
  1954	-135.458
  1955	-135.123
  1956	-134.832
  1957	-134.578
  1958	-134.352
  1959	-134.152
  1960	-133.984
  1961	-133.869
  1962	-133.833
  1963	-133.896
  1964	-134.067
  1965	-134.33
  1966	-134.65
  1967	-134.976
  1968	-135.258
  1969	-135.453
  1970	-135.539
  1971	-135.515
  1972	-135.403
  1973	-135.24
  1974	-135.067
  1975	-134.917
  1976	-134.809
  1977	-134.741
  1978	-134.698
  1979	-134.659
  1980	-134.607
  1981	-134.526
  1982	-134.406
  1983	-134.233
  1984	-133.992
  1985	-133.672
  1986	-133.269
  1987	-132.791
  1988	-132.25
  1989	-131.656
  1990	-131.009
  1991	-130.303
  1992	-129.532
  1993	-128.701
  1994	-127.837
  1995	-126.978
  1996	-126.173
  1997	-125.459
  1998	-124.854
  1999	-124.354
  2000	-123.936
  2001	-123.573
